
MST,Max TemperatureF,Mean TemperatureF,Min TemperatureF,Max Dew PointF,MeanDew PointF,Min DewpointF,Max Humidity, Mean Humidity, Min Humidity, Max Sea Level PressureIn, Mean Sea Level PressureIn, Min Sea Level PressureIn, Max VisibilityMiles, Mean VisibilityMiles, Min VisibilityMiles, Max Wind SpeedMPH, Mean Wind SpeedMPH, Max Gust SpeedMPH,PrecipitationIn, CloudCover, Events, WindDirDegrees<br />
2013-1-1,15,8,1,12,7,-4,100,90,78,30.42,30.35,30.28,10,5,2,7,2,,0.00,1,Snow,156<br />
2013-1-2,10,4,-2,7,-1,-11,100,90,56,30.45,30.42,30.40,10,6,0,4,0,,0.00,1,,230<br />
2013-1-3,8,3,-2,7,-1,-8,100,91,72,30.48,30.43,30.41,8,5,2,5,0,,0.00,2,,230<br />
2013-1-4,55,24,-7,25,-2,-9,100,89,31,30.44,30.41,30.21,10,4,0,5,0,,0.00,0,,200<br />
2013-1-5,8,2,-5,7,0,-11,100,91,77,30.50,30.41,30.30,5,3,2,5,1,,0.00,0,,232<br />
2013-1-6,15,8,0,12,3,-4,100,93,79,30.30,30.19,30.08,4,3,2,5,0,,0.00,2,,100<br />
2013-1-7,17,8,0,16,5,-8,100,88,72,30.25,30.17,30.12,4,3,2,5,1,,0.00,3,Snow,143<br />
2013-1-8,26,22,15,21,17,14,93,84,69,30.41,30.29,30.20,10,3,2,5,1,,0.00,7,,159<br />
2013-1-9,39,22,6,28,15,5,100,88,65,30.41,30.22,29.87,12,4,0,28,2,31,0.00,1,,151<br />
2013-1-10,42,33,24,28,26,21,86,68,53,29.86,29.67,29.51,15,10,0,30,19,34,0.00,4,Snow,169<br />
2013-1-11,24,20,15,19,15,12,93,81,68,29.96,29.76,29.59,15,9,1,22,12,26,0.00,7,Snow,269<br />
2013-1-12,17,12,8,16,10,1,100,86,62,30.09,30.00,29.95,15,8,1,17,3,,0.00,5,Snow,319<br />
2013-1-13,10,5,0,7,2,-2,100,85,67,30.19,30.12,30.08,15,11,5,7,3,,0.00,2,,149<br />
2013-1-14,6,2,-2,1,-2,-9,92,85,71,30.40,30.29,30.19,15,9,3,9,4,,0.00,2,,145<br />
2013-1-15,15,9,3,9,3,0,92,78,62,30.62,30.52,30.39,12,10,5,7,3,,0.00,5,Snow,138<br />
2013-1-16,19,14,8,12,9,3,92,77,68,30.68,30.63,30.60,15,10,5,5,1,,0.00,5,Snow,230<br />
2013-1-17,17,10,3,12,6,0,100,89,79,30.66,30.58,30.52,8,5,2,0,0,,0.00,0,,-1<br />
2013-1-18,14,8,3,10,5,0,100,91,78,30.55,30.50,30.46,5,3,2,6,1,,0.00,2,Snow,200<br />
2013-1-19,15,8,0,10,2,-6,100,90,78,30.58,30.51,30.48,3,3,2,6,1,,0.00,0,,170<br />
2013-1-20,12,6,0,9,2,-2,100,91,85,30.53,30.48,30.44,2,1,0,4,0,,0.00,1,Fog,195<br />
2013-1-21,14,7,0,10,2,-4,100,90,79,30.53,30.47,30.42,2,2,1,4,0,,0.00,0,,230<br />
2013-1-22,53,26,-2,10,2,-6,100,89,16,30.45,30.41,30.34,2,2,0,4,0,,0.00,0,Fog,130<br />
2013-1-23,19,10,1,16,6,-2,100,89,78,30.37,30.32,30.26,2,2,2,4,1,,0.00,2,,191<br />
2013-1-24,33,24,15,32,24,16,100,92,80,30.33,30.28,30.24,5,2,1,12,2,17,0.00,6,Rain,339<br />
2013-1-25,35,32,30,34,31,28,100,95,87,30.34,30.27,30.17,2,1,0,6,1,,0.00,7,Fog,319<br />
2013-1-26,33,32,30,34,31,30,100,98,87,30.17,30.01,29.87,3,1,0,6,1,,0.00,8,Fog,272<br />
2013-1-27,42,34,26,36,31,25,100,92,61,29.89,29.84,29.71,15,8,2,21,4,25,0.01,6,Rain-Snow,278<br />
2013-1-28,28,26,21,25,21,16,93,84,69,30.00,29.94,29.89,15,11,10,17,12,,0.00,4,,288<br />
2013-1-29,24,22,19,23,19,16,100,88,69,30.21,30.01,29.92,12,6,0,7,4,,0.00,6,Snow,116<br />
2013-1-30,32,24,17,28,23,16,100,93,80,30.28,30.24,30.21,10,6,1,7,0,,0.00,7,Snow,357<br />
2013-1-31,37,27,17,28,24,16,100,91,70,30.38,30.33,30.28,12,5,0,6,2,,0.00,6,,333<br />
2013-2-1,32,19,6,25,14,3,100,91,69,30.45,30.35,30.30,15,5,0,5,1,,0.00,2,Fog,268<br />
2013-2-2,26,16,5,25,11,3,100,92,79,30.53,30.47,30.39,10,2,0,6,1,,0.00,3,Fog,261<br />
2013-2-3,30,19,8,27,17,7,100,92,69,30.38,30.28,30.19,6,2,0,6,1,,0.00,2,Fog,298<br />
2013-2-4,57,32,6,23,11,0,100,86,12,30.28,30.24,30.19,3,1,0,5,0,,0.00,1,Fog,306<br />
2013-2-5,33,20,8,28,16,5,100,90,65,30.21,30.09,29.93,10,3,0,8,1,,0.00,4,,274<br />
2013-2-6,33,22,12,28,22,10,100,90,70,30.21,30.05,29.92,8,3,2,12,5,,0.00,3,,310<br />
2013-2-7,33,20,6,25,13,3,100,85,56,30.22,30.11,29.89,15,6,0,9,2,,0.00,2,,96<br />
2013-2-8,41,36,30,34,26,19,100,74,56,29.89,29.76,29.65,15,10,0,29,8,37,0.00,5,Rain-Snow,97<br />
2013-2-9,32,24,17,28,24,18,100,90,75,29.87,29.76,29.70,15,7,0,8,4,,0.00,7,Snow,261<br />
2013-2-10,28,24,21,25,21,18,93,88,80,30.02,29.93,29.87,10,7,2,13,6,,0.01,7,Snow,274<br />
2013-2-11,26,16,6,21,15,3,100,89,69,30.25,30.12,30.02,10,8,1,6,2,,0.00,4,Snow,267<br />
2013-2-12,24,14,5,21,12,1,100,88,69,30.39,30.33,30.26,10,8,2,7,1,,0.00,5,Snow,197<br />
2013-2-13,33,28,23,27,21,19,93,83,60,30.39,30.34,30.28,10,7,5,5,1,,0.00,7,,230<br />
2013-2-14,37,30,23,28,23,19,100,83,60,30.44,30.34,30.27,15,7,2,10,1,,0.00,4,Snow,320<br />
2013-2-15,35,22,10,25,16,9,100,88,47,30.57,30.50,30.45,15,9,2,5,1,,0.00,1,Fog,176<br />
2013-2-16,33,20,6,21,15,1,100,88,60,30.51,30.35,30.06,15,10,0,6,1,,0.00,0,,330<br />
2013-2-17,35,26,17,28,20,14,100,84,60,30.10,29.99,29.88,15,8,2,21,3,,0.00,2,Fog,320<br />
2013-2-18,33,22,12,19,14,10,100,83,55,30.19,30.09,29.96,15,11,10,6,1,,0.00,1,,272<br />
2013-2-19,46,32,17,25,18,12,100,61,37,29.96,29.77,29.60,15,11,10,30,7,28,0.00,2,,117<br />
2013-2-20,39,34,30,28,24,19,93,69,52,29.77,29.63,29.56,15,10,7,23,8,24,0.00,4,,301<br />
2013-2-21,33,28,23,27,22,16,93,80,60,30.06,29.91,29.78,10,10,8,21,13,20,0.00,4,,283<br />
2013-2-22,30,24,19,25,20,16,100,86,69,30.17,30.10,30.05,15,9,0,7,1,,0.00,5,Snow,169<br />
2013-2-23,33,26,19,28,20,16,100,80,59,30.08,29.94,29.74,12,9,0,16,5,,0.00,7,Snow,252<br />
2013-2-24,35,25,15,19,16,10,93,80,48,30.28,30.11,29.98,15,11,8,20,10,24,0.00,2,,303<br />
2013-2-25,33,22,10,25,14,7,93,77,52,30.29,30.18,30.01,15,11,5,18,4,,0.00,4,,144<br />
2013-2-26,32,24,15,27,18,10,100,85,60,30.34,30.17,30.06,15,7,0,23,5,32,0.00,4,Snow,293<br />
2013-2-27,30,20,10,18,12,3,93,76,47,30.46,30.41,30.34,15,12,10,7,2,,0.00,2,,187<br />
2013-2-28,35,24,14,23,15,9,86,70,48,30.58,30.46,30.43,15,11,10,9,2,,0.00,5,,143<br />
2013-3-1,44,36,28,36,27,21,100,76,57,30.58,30.53,30.50,15,11,7,6,2,,0.00,4,,194<br />
2013-3-2,44,34,23,34,27,21,100,84,57,30.54,30.39,30.14,15,9,3,6,2,,0.00,4,,287<br />
2013-3-3,41,36,30,39,33,27,100,89,80,30.12,30.01,29.93,10,7,1,9,2,,0.00,8,Rain,332<br />
2013-3-4,37,32,24,36,24,10,100,71,33,30.29,30.09,29.93,15,11,2,20,11,25,0.00,1,,308<br />
2013-3-5,48,34,19,25,19,14,93,61,31,30.30,30.17,29.99,15,12,10,20,4,23,0.00,1,,129<br />
2013-3-6,57,47,37,32,24,19,81,49,31,29.99,29.92,29.79,15,12,10,21,14,25,0.00,2,,148<br />
2013-3-7,46,40,33,34,31,28,100,83,57,30.00,29.95,29.88,15,12,10,17,10,17,0.00,4,,315<br />
2013-3-8,44,38,32,37,33,30,100,88,66,29.94,29.81,29.71,15,10,8,13,4,,0.00,4,Rain,311<br />
2013-3-9,46,39,32,37,29,21,93,75,43,30.23,29.90,29.70,15,11,8,26,10,33,0.00,3,Rain,325<br />
2013-3-10,46,35,24,39,25,21,100,73,40,30.40,30.32,30.24,15,12,10,10,3,,0.00,0,,71<br />
2013-3-11,50,38,26,30,27,25,100,78,40,30.33,30.27,30.18,15,11,10,8,2,,0.00,5,,187<br />
2013-3-12,55,45,35,36,32,28,87,67,38,30.33,30.28,30.23,15,12,10,13,4,,0.00,4,,329<br />
2013-3-13,64,47,30,36,31,19,93,68,28,30.43,30.35,30.29,15,12,10,7,2,,0.00,1,,145<br />
2013-3-14,73,53,33,36,31,28,93,61,19,30.36,30.28,30.18,15,12,10,8,2,,0.00,1,,158<br />
2013-3-15,68,54,39,37,32,28,81,57,23,30.17,30.10,30.00,15,12,10,10,3,,0.00,2,,290<br />
2013-3-16,60,50,39,36,31,21,81,59,23,30.05,29.97,29.84,15,12,10,13,4,,0.00,1,,220<br />
2013-3-17,48,40,33,37,27,19,75,55,39,30.30,29.91,29.81,15,11,10,28,7,56,0.00,4,,309<br />
2013-3-18,51,40,28,46,26,18,87,66,32,30.13,30.06,30.03,15,12,10,8,3,,0.00,2,,134<br />
2013-3-19,51,43,35,28,21,1,70,49,13,30.26,30.17,30.10,15,12,10,14,6,,0.00,1,,357<br />
2013-3-20,59,46,33,43,28,18,87,56,34,30.17,30.02,29.85,15,12,9,15,4,20,0.01,3,,166<br />
2013-3-21,46,40,33,41,28,12,93,66,31,30.03,29.89,29.76,15,11,8,32,9,46,0.00,3,,330<br />
2013-3-22,33,30,26,27,18,9,86,63,43,30.03,29.96,29.91,15,10,0,21,8,23,0.00,3,Snow,340<br />
2013-3-23,35,29,23,25,21,12,100,78,44,30.21,30.12,30.03,15,9,0,17,8,20,0.00,5,Snow,344<br />
2013-3-24,39,29,19,19,16,9,93,66,31,30.22,30.19,30.16,15,12,10,17,5,,0.00,2,,66<br />
2013-3-25,48,34,19,32,19,12,86,60,32,30.22,30.15,30.06,15,12,10,10,4,,0.00,2,,180<br />
2013-3-26,60,46,32,46,28,23,82,58,23,30.05,29.97,29.89,15,12,10,18,4,,0.00,3,,323<br />
2013-3-27,64,48,32,37,31,25,93,64,22,30.06,30.00,29.95,15,12,10,12,3,,0.00,2,,356<br />
2013-3-28,68,54,39,37,33,27,87,60,23,30.11,30.04,30.00,15,11,10,9,2,,0.00,2,,296<br />
2013-3-29,62,53,44,41,36,32,76,59,34,30.23,30.17,30.11,15,12,10,9,3,,0.00,3,,191<br />
2013-3-30,66,52,39,37,35,28,81,61,28,30.24,30.20,30.14,15,12,10,16,3,,0.00,1,,277<br />
2013-3-31,68,52,37,41,32,25,75,56,20,30.18,30.11,29.95,15,11,10,14,5,25,0.00,2,,160<br />
2013-4-1,53,48,44,43,39,36,82,65,51,30.01,29.98,29.94,15,11,8,25,10,31,0.01,7,Rain,128<br />
2013-4-2,55,48,41,43,39,37,100,80,51,30.12,30.04,30.00,15,11,10,8,4,,0.06,5,,24<br />
2013-4-3,62,48,35,45,37,28,93,71,27,30.23,30.17,30.12,15,12,10,9,3,,0.00,1,,134<br />
2013-4-4,69,55,41,41,36,30,81,57,23,30.18,30.10,29.97,15,12,10,10,5,,0.00,3,,135<br />
2013-4-5,60,52,42,45,37,34,93,58,36,30.08,29.99,29.92,15,11,6,29,6,37,0.00,5,Rain,142<br />
2013-4-6,55,47,39,39,37,34,93,71,47,30.05,30.02,29.98,15,12,10,17,4,,0.00,2,,43<br />
2013-4-7,62,50,39,41,36,28,93,66,27,29.99,29.85,29.61,15,12,10,12,4,,0.00,3,,134<br />
2013-4-8,55,46,37,37,34,27,93,67,33,29.60,29.49,29.44,15,10,10,37,12,44,0.00,7,Rain,327<br />
2013-4-9,39,34,28,28,21,16,93,61,41,30.12,29.83,29.53,15,10,1,28,16,34,0.00,6,Snow,333<br />
2013-4-10,48,37,26,34,23,16,80,60,40,30.21,30.11,30.01,15,11,10,16,8,17,0.00,3,,99<br />
2013-4-11,53,46,39,39,36,30,100,72,41,30.04,29.99,29.93,15,12,9,10,5,,0.18,5,Rain,17<br />
2013-4-12,57,45,33,36,32,27,87,65,31,30.07,29.97,29.90,15,12,10,9,3,,0.00,0,,152<br />
2013-4-13,60,50,39,37,31,28,71,57,33,29.91,29.77,29.56,15,12,10,23,5,,0.00,4,,128<br />
2013-4-14,48,42,35,27,17,12,61,36,24,29.91,29.76,29.66,15,13,10,24,9,28,0.00,5,,327<br />
2013-4-15,46,40,33,36,31,23,100,77,46,29.74,29.69,29.63,15,10,3,21,7,25,0.07,7,Rain,341<br />
2013-4-16,42,38,33,34,30,21,93,74,49,29.92,29.77,29.67,15,10,5,17,5,24,0.01,6,Rain,228<br />
2013-4-17,44,36,28,27,18,10,74,50,31,30.19,30.02,29.91,15,12,10,25,9,34,0.00,2,,330<br />
2013-4-18,46,37,28,27,18,12,69,51,25,30.32,30.26,30.19,15,12,10,21,8,25,0.00,1,,352<br />
2013-4-19,53,40,28,37,25,18,71,55,28,30.32,30.21,30.05,15,12,10,20,3,24,0.00,3,,145<br />
2013-4-20,51,45,39,39,38,36,100,80,54,30.16,30.10,30.03,15,11,10,15,5,24,0.10,6,,163<br />
2013-4-21,62,48,33,37,33,25,100,66,24,30.21,30.12,29.99,15,12,10,17,5,,0.00,2,,141<br />
2013-4-22,53,46,39,39,31,19,87,57,28,30.13,30.06,30.01,15,11,10,23,9,32,0.00,2,,313<br />
2013-4-23,48,40,32,27,19,12,60,44,24,30.27,30.17,30.13,15,12,10,20,12,25,0.00,1,,331<br />
2013-4-24,57,45,33,30,23,16,65,46,21,30.25,30.17,30.12,15,12,10,13,4,,0.00,1,,323<br />
2013-4-25,62,48,33,32,24,18,65,49,19,30.14,30.09,30.01,15,12,10,13,5,,0.00,1,,106<br />
2013-4-26,68,52,35,37,28,18,66,39,17,30.29,30.26,30.22,15,13,10,10,5,,0.00,0,,280<br />
2013-4-27,71,54,37,43,32,27,76,52,20,30.34,30.26,30.15,15,12,10,9,3,,0.00,0,,139<br />
2013-4-28,80,62,44,43,35,30,66,47,18,30.15,30.08,29.96,15,12,9,12,4,,0.00,1,,135<br />
2013-4-29,73,58,42,43,37,28,76,51,20,30.03,29.93,29.73,15,12,10,13,5,25,0.00,1,,349<br />
2013-4-30,62,54,46,41,28,9,54,38,18,30.08,29.86,29.76,15,11,10,25,18,32,0.00,1,,314<br />
2013-5-1,51,43,35,28,16,9,70,36,25,30.56,30.32,30.09,15,12,10,21,15,30,0.00,1,,322<br />
2013-5-2,59,44,30,30,23,10,75,47,18,30.66,30.55,30.41,15,12,10,12,5,,0.00,0,,255<br />
2013-5-3,69,51,33,36,27,12,81,47,11,30.41,30.22,29.99,15,12,10,13,6,,0.00,1,,213<br />
2013-5-4,66,52,37,37,31,19,71,48,21,30.00,29.94,29.87,15,12,10,13,5,,0.00,1,,211<br />
2013-5-5,78,63,48,43,34,25,66,41,14,29.93,29.88,29.79,15,12,10,17,7,25,0.00,3,,304<br />
2013-5-6,68,60,51,45,36,30,71,48,31,30.02,29.97,29.92,15,12,10,20,9,30,0.00,5,Rain,145<br />
2013-5-7,66,54,42,45,40,36,93,72,35,30.05,30.00,29.90,15,11,6,23,9,36,0.31,3,Rain-Thunderstorm,143<br />
2013-5-8,60,51,42,46,42,37,87,77,48,30.12,30.06,30.02,15,12,10,17,5,23,0.01,4,Rain,125<br />
2013-5-9,71,56,42,48,41,28,87,67,29,30.17,30.12,30.07,15,12,10,12,4,,0.02,2,,160<br />
2013-5-10,75,62,48,45,40,34,71,52,25,30.29,30.20,30.15,15,12,10,15,5,,0.00,2,,150<br />
2013-5-11,77,62,48,46,40,30,76,52,18,30.37,30.30,30.25,15,12,10,10,5,,0.00,1,,150<br />
2013-5-12,82,64,46,52,40,28,71,51,15,30.34,30.27,30.17,15,12,10,8,4,,0.00,1,,136<br />
2013-5-13,87,69,51,46,42,34,71,47,15,30.25,30.16,30.03,15,12,10,10,4,,0.00,1,,140<br />
2013-5-14,84,68,53,52,42,36,67,44,18,30.09,30.00,29.90,15,12,10,13,5,,0.00,1,,109<br />
2013-5-15,86,72,57,50,43,36,63,45,17,29.99,29.91,29.82,15,12,10,17,7,28,0.00,2,,138<br />
2013-5-16,80,68,55,48,43,37,63,46,23,29.91,29.84,29.74,15,12,10,21,6,25,0.00,3,,149<br />
2013-5-17,64,58,51,48,44,37,88,62,37,30.00,29.88,29.82,15,12,10,17,8,20,0.08,4,Rain,1<br />
2013-5-18,75,62,48,63,44,36,88,70,42,30.06,30.02,29.99,15,12,8,17,7,23,0.01,6,Rain,181<br />
2013-5-19,60,52,44,43,39,36,81,64,42,30.11,30.06,30.03,15,12,10,22,6,29,0.00,4,,313<br />
2013-5-20,62,55,48,52,42,37,82,69,48,30.19,30.13,30.09,15,11,8,18,8,24,0.00,6,Rain,311<br />
2013-5-21,75,60,44,45,40,28,93,62,23,30.14,29.99,29.79,15,12,10,15,4,,0.00,1,,133<br />
2013-5-22,84,68,51,43,36,32,54,41,15,29.79,29.72,29.59,15,12,10,121,12,36,0.00,1,,124<br />
2013-5-23,73,58,44,43,35,30,66,50,20,29.96,29.83,29.69,15,12,10,25,11,40,0.00,0,,316<br />
2013-5-24,75,60,44,45,35,21,81,48,14,30.09,30.00,29.91,15,12,10,18,9,21,0.00,0,,299<br />
2013-5-25,80,66,51,43,34,28,63,36,16,29.96,29.91,29.85,15,12,10,17,8,23,0.00,1,,149<br />
2013-5-26,80,65,50,45,32,25,50,31,14,29.98,29.90,29.81,15,12,10,16,7,,0.00,2,,138<br />
2013-5-27,71,64,57,45,40,34,63,43,27,30.01,29.91,29.81,15,12,10,22,12,30,0.00,2,,308<br />
2013-5-28,64,56,48,46,42,36,93,63,37,29.91,29.82,29.75,15,11,7,21,10,26,0.10,5,Rain,70<br />
2013-5-29,62,54,46,46,42,34,93,70,34,29.91,29.87,29.83,15,12,10,10,4,,0.00,5,,84<br />
2013-5-30,66,54,42,43,38,34,87,60,30,30.01,29.96,29.90,15,12,10,13,5,,0.00,1,,358<br />
2013-5-31,68,56,44,39,34,23,81,50,22,30.23,30.13,30.00,15,12,10,18,6,17,0.00,0,,337<br />
2013-6-1,75,57,39,46,33,25,70,47,15,30.26,30.18,30.05,15,12,10,10,5,,0.00,0,,176<br />
2013-6-2,89,68,46,45,37,32,71,41,13,30.04,29.90,29.70,15,12,10,12,3,,0.00,0,,165<br />
2013-6-3,77,66,55,45,35,27,51,33,20,30.03,29.94,29.79,15,12,10,23,15,31,0.00,0,,313<br />
2013-6-4,80,64,48,46,37,30,71,46,18,30.07,30.02,29.99,15,12,10,18,3,25,0.00,0,,317<br />
2013-6-5,80,66,51,48,39,32,67,45,20,30.14,30.09,30.03,15,12,6,14,5,,0.00,0,,187<br />
2013-6-6,84,67,50,52,41,34,67,48,16,30.13,30.07,30.02,15,12,10,14,5,,0.00,1,,151<br />
2013-6-7,87,70,53,55,44,37,67,48,18,30.08,30.01,29.90,15,12,8,14,3,,0.00,1,,149<br />
2013-6-8,84,70,55,50,45,36,67,48,18,30.06,29.99,29.92,15,12,9,18,3,,0.00,0,,308<br />
2013-6-9,93,73,53,54,43,36,63,42,13,30.09,30.01,29.87,15,12,10,13,4,,0.00,0,,136<br />
2013-6-10,91,76,60,52,43,34,52,34,14,29.95,29.88,29.80,15,12,3,16,6,,0.00,1,,136<br />
2013-6-11,87,74,62,43,36,27,48,29,11,30.00,29.92,29.85,15,12,10,18,6,20,0.00,1,,122<br />
2013-6-12,89,74,59,46,40,36,52,34,16,30.07,30.00,29.92,15,12,10,14,7,21,0.00,2,,144<br />
2013-6-13,89,78,64,45,40,37,43,30,16,30.02,29.93,29.80,15,12,10,29,12,50,0.00,1,,153<br />
2013-6-14,73,62,50,41,38,36,62,43,27,30.17,30.09,30.02,15,12,3,21,9,23,0.00,0,,344<br />
2013-6-15,84,66,48,52,41,28,76,49,13,30.09,30.04,29.96,15,11,3,16,3,,0.00,1,,142<br />
2013-6-16,89,70,51,48,37,27,62,39,12,30.08,30.02,29.97,15,11,10,12,3,,0.00,0,,133<br />
2013-6-17,91,71,51,45,33,23,51,31,10,30.09,30.01,29.93,15,12,5,9,4,,0.00,0,,126<br />
2013-6-18,91,72,53,55,36,28,51,32,11,29.96,29.87,29.73,15,12,10,13,6,,0.00,0,,140<br />
2013-6-19,82,72,60,43,34,25,43,28,14,29.96,29.79,29.72,15,12,10,26,13,40,0.00,1,,153<br />
2013-6-20,75,60,46,41,34,28,66,40,20,30.05,29.97,29.90,15,12,10,23,12,28,0.00,0,,317<br />
2013-6-21,78,63,48,43,37,32,66,44,20,30.03,29.95,29.90,15,12,10,18,7,28,0.00,0,,16<br />
2013-6-22,75,63,51,46,41,34,71,47,24,30.07,30.00,29.94,15,12,10,16,6,16,0.00,0,,10<br />
2013-6-23,89,68,48,52,39,30,71,45,12,30.01,29.90,29.73,15,11,7,14,4,,0.00,1,,157<br />
2013-6-24,86,74,62,48,40,34,52,36,15,29.93,29.81,29.74,15,12,10,18,8,30,0.00,3,,131<br />
2013-6-25,87,71,55,55,46,39,72,49,19,30.05,29.97,29.93,15,12,10,9,3,,0.00,2,,129<br />
2013-6-26,95,75,55,61,48,43,72,44,16,30.12,30.06,29.99,15,11,8,17,5,,0.00,0,,118<br />
2013-6-27,98,79,60,61,51,43,68,44,15,30.25,30.17,30.12,15,12,10,13,3,,0.00,0,,286<br />
2013-6-28,100,82,64,57,51,46,73,41,17,30.25,30.18,30.09,15,12,10,17,3,23,0.00,1,,126<br />
2013-6-29,95,80,64,57,52,46,64,43,22,30.17,30.10,29.99,15,12,10,14,4,,0.00,1,,162<br />
2013-6-30,98,84,71,61,51,45,47,34,23,30.12,30.05,29.99,15,12,10,14,7,17,0.00,1,Thunderstorm,324<br />
2013-7-1,98,81,64,57,49,39,64,36,17,30.15,30.09,30.02,15,12,10,14,3,,0.00,0,,296<br />
2013-7-2,96,81,66,55,49,43,52,35,19,30.14,30.07,29.99,15,12,10,28,5,23,0.00,1,,310<br />
2013-7-3,93,78,64,61,52,45,59,41,26,30.11,30.02,29.93,15,11,0,12,3,,0.00,2,,132<br />
2013-7-4,91,80,69,61,56,48,64,48,29,30.06,29.97,29.87,15,11,2,33,9,44,0.00,2,,310<br />
2013-7-5,91,78,64,63,58,52,88,66,28,30.09,29.99,29.82,15,12,8,26,8,34,0.07,3,Thunderstorm,161<br />
2013-7-6,93,78,64,61,57,52,83,63,26,30.06,30.00,29.87,15,11,8,23,10,39,0.01,3,,135<br />
2013-7-7,87,76,64,63,54,52,68,54,29,30.08,30.03,30.00,15,12,4,21,6,26,0.00,3,,145<br />
2013-7-8,91,76,62,57,54,41,77,52,17,30.13,30.08,30.04,15,12,2,13,6,,0.00,2,,110<br />
2013-7-9,96,80,64,55,48,32,68,42,10,30.19,30.13,30.08,15,11,5,10,5,,0.00,0,,145<br />
2013-7-10,98,79,60,54,41,32,55,32,11,30.16,30.07,29.95,15,11,8,13,3,,0.00,0,,140<br />
2013-7-11,87,78,68,59,50,39,73,45,20,30.08,30.00,29.95,15,12,4,22,5,20,0.00,3,,127<br />
2013-7-12,80,71,62,63,59,55,100,70,45,30.13,30.06,30.01,15,11,7,13,6,,0.00,4,Rain,144<br />
2013-7-13,87,76,64,66,57,52,78,58,31,30.12,30.09,30.05,15,11,3,23,7,32,0.00,3,,136<br />
2013-7-14,89,74,60,61,54,39,83,56,17,30.19,30.11,30.03,15,12,7,12,4,,0.00,2,,144<br />
2013-7-15,96,81,66,61,55,43,73,49,16,30.07,30.02,29.91,15,12,10,18,5,26,0.00,2,,217<br />
2013-7-16,91,80,68,63,58,50,83,59,24,30.16,30.06,30.00,15,11,8,23,7,34,0.02,3,Rain,165<br />
2013-7-17,91,78,64,64,60,48,94,66,25,30.20,30.15,30.11,15,12,6,17,4,23,0.02,1,Rain,150<br />
2013-7-18,93,80,66,59,56,37,73,53,24,30.27,30.14,30.05,15,11,7,17,4,29,0.00,1,,162<br />
2013-7-19,96,80,64,59,53,39,73,48,14,30.15,30.08,29.97,15,12,6,13,5,,0.00,0,,169<br />
2013-7-20,96,79,62,54,46,39,55,40,14,30.06,30.00,29.90,15,12,9,12,4,,0.00,1,,146<br />
2013-7-21,96,78,60,57,47,37,59,41,13,30.01,29.96,29.91,15,12,8,16,3,25,0.00,1,,129<br />
2013-7-22,95,78,62,54,47,43,49,37,19,30.07,30.01,29.96,15,12,10,12,5,,0.00,1,,109<br />
2013-7-23,95,78,62,52,46,37,56,35,14,30.13,30.05,29.99,15,12,10,13,5,,0.00,1,,86<br />
2013-7-24,89,78,68,57,50,39,57,40,25,30.11,30.06,30.02,15,12,8,17,6,23,0.00,2,,115<br />
2013-7-25,93,78,64,59,52,43,68,47,17,30.15,30.10,30.06,15,12,10,14,6,,0.00,1,,124<br />
2013-7-26,96,79,62,54,48,37,64,41,13,30.24,30.15,30.07,15,12,10,14,5,,0.00,1,,195<br />
2013-7-27,80,73,66,59,53,48,73,47,32,30.17,30.10,30.02,15,12,10,14,6,20,0.00,3,,138<br />
2013-7-28,80,70,60,57,55,48,82,67,42,30.04,30.02,29.94,15,12,10,28,6,39,0.00,2,Rain,124<br />
2013-7-29,84,74,64,54,52,48,68,56,29,30.18,30.08,30.02,15,12,8,25,8,39,0.00,2,,134<br />
2013-7-30,91,76,60,54,49,43,72,47,18,30.26,30.19,30.15,15,11,5,18,8,,0.00,2,,136<br />
2013-7-31,95,80,66,54,45,36,49,36,13,30.25,30.16,30.05,15,12,9,16,6,,0.00,1,,129<br />
2013-8-1,93,78,62,55,50,43,52,41,24,30.09,30.02,29.89,15,12,9,23,9,38,0.00,2,,136<br />
2013-8-2,91,76,62,54,49,34,68,45,14,30.16,30.00,29.94,15,11,2,17,8,24,0.00,1,,140<br />
2013-8-3,91,76,62,52,44,34,49,37,13,30.13,30.06,30.00,15,12,10,12,5,,0.00,1,,121<br />
2013-8-4,95,78,60,54,43,37,55,35,14,30.16,30.09,30.01,15,12,9,21,6,24,0.00,1,,129<br />
2013-8-5,91,78,64,52,47,39,53,37,16,30.13,30.06,29.98,15,11,9,14,5,,0.00,1,,114<br />
2013-8-6,91,78,64,55,47,37,56,38,15,30.08,30.02,29.99,15,12,10,17,7,23,0.00,2,,135<br />
2013-8-7,91,76,60,55,45,39,57,39,18,30.08,30.04,29.99,15,12,9,23,6,31,0.00,2,,132<br />
2013-8-8,86,74,62,50,46,43,63,41,22,30.07,30.04,29.99,15,11,10,15,8,23,0.00,1,,122<br />
2013-8-9,82,70,59,52,44,37,52,42,20,30.09,30.06,30.03,15,12,10,23,9,33,0.00,2,,141<br />
2013-8-10,89,72,55,52,45,37,77,44,16,30.18,30.11,30.06,15,12,10,17,7,30,0.00,2,,162<br />
2013-8-11,89,73,57,52,43,37,63,35,16,30.20,30.12,30.03,15,12,10,14,9,,0.00,1,,132<br />
2013-8-12,89,74,60,46,43,34,55,37,15,30.17,30.11,30.08,15,12,10,22,9,37,0.00,2,,149<br />
2013-8-13,91,74,57,55,43,30,63,40,11,30.20,30.12,30.05,15,11,5,10,5,,0.00,1,,147<br />
2013-8-14,95,78,60,55,43,30,56,36,11,30.17,30.10,30.02,15,11,5,12,5,,0.00,1,,227<br />
2013-8-15,93,73,53,55,40,30,62,37,11,30.17,30.10,30.05,15,12,9,12,5,,0.00,1,,154<br />
2013-8-16,93,75,57,57,40,28,57,33,14,30.18,30.11,30.05,15,12,5,12,5,,0.00,1,,123<br />
2013-8-17,93,78,62,61,49,41,72,47,22,30.22,30.11,30.06,15,11,5,16,5,,0.00,2,Rain,130<br />
2013-8-18,89,74,60,63,54,46,73,56,22,30.18,30.13,30.05,15,12,5,10,6,,0.00,1,,120<br />
2013-8-19,89,76,62,57,52,48,68,51,24,30.18,30.13,30.06,15,12,10,14,5,,0.00,2,Rain,129<br />
2013-8-20,87,74,62,61,55,48,83,60,25,30.14,30.11,30.05,15,12,10,17,4,23,0.00,2,,142<br />
2013-8-21,91,76,62,64,55,45,73,56,20,30.18,30.12,30.05,15,12,10,10,4,,0.00,1,,149<br />
2013-8-22,87,76,66,57,53,45,64,48,22,30.20,30.14,30.02,15,12,10,24,6,31,0.00,3,Thunderstorm,221<br />
2013-8-23,73,68,64,63,58,55,88,70,57,30.18,30.08,30.00,15,10,6,17,5,22,0.07,4,Thunderstorm,160<br />
2013-8-24,84,70,57,57,54,50,88,68,33,30.13,30.08,30.02,15,12,10,20,7,26,0.00,3,Rain-Thunderstorm,128<br />
2013-8-25,82,68,55,55,52,48,82,55,32,30.19,30.13,30.08,15,12,10,21,12,21,0.00,2,,153<br />
2013-8-26,75,64,53,61,54,50,94,58,41,30.23,30.17,30.14,15,12,10,14,9,21,0.00,3,,157<br />
2013-8-27,77,70,62,61,57,54,94,70,47,30.17,30.14,30.06,15,11,4,33,7,45,0.32,2,Rain-Thunderstorm,162<br />
2013-8-28,87,73,59,63,57,48,94,71,25,30.18,30.13,30.07,15,12,10,17,4,28,0.32,1,,144<br />
2013-8-29,91,76,60,63,55,48,82,58,23,30.23,30.17,30.12,15,11,10,16,5,,0.00,1,,131<br />
2013-8-30,91,76,62,61,55,52,72,55,26,30.22,30.15,30.06,15,11,9,13,4,,0.00,1,,123<br />
2013-8-31,82,72,62,61,56,54,77,60,39,30.15,30.12,30.08,15,12,4,17,5,,0.00,2,,120<br />
2013-9-1,80,72,64,63,57,55,77,62,42,30.13,30.07,30.00,15,12,10,10,4,,0.00,4,,140<br />
2013-9-2,87,78,69,64,60,52,78,64,29,30.14,30.08,30.02,15,11,8,12,5,28,0.01,6,Rain-Thunderstorm,126<br />
2013-9-3,86,73,60,63,58,55,83,70,35,30.19,30.15,30.11,15,12,7,17,5,,0.00,1,,141<br />
2013-9-4,87,74,60,63,58,54,88,70,31,30.26,30.20,30.13,15,12,10,17,5,17,0.00,1,,134<br />
2013-9-5,91,78,66,59,55,48,68,52,23,30.21,30.15,30.07,15,12,10,25,8,24,0.00,4,,155<br />
2013-9-6,93,78,64,59,54,46,73,55,21,30.18,30.13,30.02,15,11,5,18,6,25,0.00,2,,127<br />
2013-9-7,84,72,60,61,57,54,94,71,37,30.27,30.15,30.05,15,11,6,45,6,59,0.02,2,Rain-Thunderstorm,151<br />
2013-9-8,71,66,60,61,57,54,94,81,60,30.17,30.10,30.02,15,12,10,9,5,,0.02,4,,89<br />
2013-9-9,75,66,57,55,54,50,88,70,44,30.04,30.01,29.95,15,12,10,15,3,,0.00,2,,187<br />
2013-9-10,77,70,62,57,54,48,82,60,38,30.05,30.00,29.98,15,12,10,9,3,,0.00,6,,239<br />
2013-9-11,75,68,60,61,56,52,88,68,47,30.12,30.08,30.03,15,12,9,20,7,22,0.10,6,,198<br />
2013-9-12,71,65,59,57,54,46,82,65,52,30.18,30.10,30.04,15,12,9,13,6,,0.00,6,Thunderstorm,162<br />
2013-9-13,71,65,59,59,57,55,94,82,57,30.08,30.01,29.94,15,12,10,17,2,25,0.11,6,Thunderstorm,102<br />
2013-9-14,71,64,57,57,55,54,94,81,57,30.02,29.98,29.96,15,12,10,12,3,,0.00,6,,119<br />
2013-9-15,77,65,53,57,53,50,94,76,41,30.11,30.05,30.02,15,12,10,8,4,,0.00,2,,144<br />
2013-9-16,84,68,53,59,53,48,88,65,30,30.13,30.05,29.96,15,12,10,15,4,,0.00,3,Rain-Thunderstorm,147<br />
2013-9-17,86,76,66,55,51,43,64,48,29,29.98,29.88,29.73,15,12,10,21,12,26,0.00,3,Rain-Thunderstorm,145<br />
2013-9-18,71,61,51,48,42,37,76,47,35,30.09,29.91,29.75,15,12,10,21,12,26,0.00,1,,309<br />
2013-9-19,78,60,42,43,38,30,81,61,21,30.20,30.14,30.09,20,12,10,10,5,,0.00,0,,107<br />
2013-9-20,78,61,44,55,39,34,81,53,31,30.13,30.05,29.89,15,12,10,16,5,,0.00,0,,160<br />
2013-9-21,84,68,53,48,40,36,54,41,18,29.96,29.85,29.68,15,12,10,22,10,25,0.00,2,,145<br />
2013-9-22,71,62,53,50,44,37,67,53,29,29.90,29.73,29.66,15,12,10,21,6,30,0.00,5,,112<br />
2013-9-23,66,57,48,55,40,37,77,56,35,30.13,30.05,29.91,15,12,10,13,8,,0.00,2,,331<br />
2013-9-24,78,60,42,39,36,28,81,50,17,30.12,29.98,29.75,15,11,10,22,5,30,0.00,1,,167<br />
2013-9-25,69,56,44,41,37,34,81,48,28,29.82,29.72,29.62,15,11,10,25,15,26,0.00,3,,188<br />
2013-9-26,57,50,42,41,38,36,87,73,44,29.88,29.80,29.72,15,12,10,17,5,,0.00,6,Rain,357<br />
2013-9-27,48,44,37,39,37,32,87,78,62,30.23,30.04,29.88,15,11,4,17,7,26,0.00,6,Rain,112<br />
2013-9-28,64,48,32,45,34,28,93,72,30,30.30,30.22,30.16,15,12,10,8,4,,0.00,0,,129<br />
2013-9-29,73,55,37,39,34,28,87,57,19,30.17,30.10,29.99,15,12,10,16,4,,0.00,3,,116<br />
2013-9-30,78,62,46,45,38,32,71,51,20,30.01,29.97,29.90,15,11,9,17,4,,0.00,1,,132<br />
2013-10-1,78,61,44,46,41,32,82,60,18,30.05,29.99,29.91,15,12,10,9,4,,0.00,0,,149<br />
2013-10-2,69,56,44,48,42,37,88,65,35,30.03,29.94,29.80,15,12,10,17,4,33,0.00,3,,323<br />
2013-10-3,53,48,42,48,35,19,93,63,32,30.08,29.91,29.79,15,11,8,28,9,36,0.00,6,Rain,339<br />
2013-10-4,46,40,33,36,32,28,100,76,50,30.43,30.26,30.08,15,11,3,20,8,,0.00,5,,346<br />
2013-10-5,53,42,30,36,30,27,93,73,4,30.52,30.46,30.42,15,12,10,8,4,,0.00,0,,120<br />
2013-10-6,60,46,33,39,32,27,87,70,27,30.47,30.39,30.25,15,12,10,6,2,,0.00,0,,143<br />
2013-10-7,73,54,35,45,36,30,93,66,23,30.24,30.11,29.93,15,12,10,10,4,,0.00,1,,116<br />
2013-10-8,69,56,44,37,34,23,76,53,17,29.94,29.87,29.80,15,12,10,20,7,,0.00,1,,106<br />
2013-10-9,66,50,35,43,35,30,81,68,28,29.80,29.77,29.69,15,12,10,17,4,32,0.00,3,Thunderstorm,33<br />
2013-10-10,51,48,44,45,42,37,93,84,71,29.94,29.78,29.73,10,10,5,14,7,,0.00,7,Rain,227<br />
2013-10-11,57,47,37,41,37,30,100,80,38,30.09,30.03,29.95,15,10,2,8,3,,0.00,1,Fog,123<br />
2013-10-12,64,50,35,43,34,28,93,63,28,30.10,30.03,29.92,15,12,10,15,5,17,0.00,3,,141<br />
2013-10-13,55,48,42,45,40,37,93,69,51,30.06,29.97,29.91,15,11,5,14,9,,0.01,7,Rain,129<br />
2013-10-14,53,47,39,43,37,30,93,74,47,30.24,30.14,30.06,15,12,10,18,9,23,0.00,6,,311<br />
2013-10-15,51,42,33,36,33,28,93,79,41,30.25,30.22,30.18,15,12,10,12,3,,0.00,2,,128<br />
2013-10-16,51,40,30,34,29,25,87,71,41,30.29,30.22,30.09,15,12,10,7,2,,0.00,1,,121<br />
2013-10-17,55,42,30,34,29,25,93,66,33,30.17,30.15,30.09,15,11,10,13,4,,0.00,1,,122<br />
2013-10-18,53,42,30,34,30,27,87,69,38,30.29,30.23,30.16,15,12,10,9,3,,0.00,0,,98<br />
2013-10-19,57,44,30,39,31,27,87,73,36,30.29,30.23,30.13,15,12,10,7,3,,0.00,0,,135<br />
2013-10-20,60,46,32,36,31,27,87,69,29,30.13,30.10,30.05,15,12,10,12,2,,0.00,1,,119<br />
2013-10-21,59,46,33,34,30,27,87,67,31,30.28,30.21,30.13,15,12,10,7,2,,0.00,0,,122<br />
2013-10-22,60,46,33,37,32,28,87,70,36,30.32,30.25,30.19,15,12,10,9,1,,0.00,0,,122<br />
2013-10-23,62,47,32,39,33,27,87,71,36,30.22,30.18,30.12,15,12,10,8,2,,0.00,0,,128<br />
2013-10-24,60,48,35,43,34,27,87,67,34,30.21,30.16,30.11,15,12,10,9,1,,0.00,1,,94<br />
2013-10-25,64,52,39,39,36,34,87,67,32,30.28,30.23,30.19,15,11,9,6,1,,0.00,2,,309<br />
2013-10-26,60,46,33,39,33,27,87,68,31,30.39,30.30,30.22,15,11,9,6,2,,0.00,0,,122<br />
2013-10-27,69,52,35,36,31,27,81,52,23,30.21,29.96,29.67,15,12,10,22,6,26,0.00,3,,136<br />
2013-10-28,64,53,42,37,34,27,81,51,24,29.78,29.64,29.50,15,11,3,31,16,40,0.01,5,Rain,133<br />
2013-10-29,50,46,39,37,34,28,87,68,43,29.95,29.85,29.76,15,12,10,16,7,17,0.01,6,Rain,142<br />
2013-10-30,48,42,35,37,34,30,87,79,50,30.09,30.01,29.95,15,11,10,8,4,,0.00,6,,138<br />
2013-10-31,51,46,41,37,32,27,87,60,38,30.23,30.16,30.09,15,12,10,9,4,,0.00,7,,304<br />
2013-11-1,55,46,37,37,34,30,81,62,38,30.33,30.26,30.20,15,12,10,13,5,,0.00,5,,215<br />
2013-11-2,66,48,30,34,30,25,87,59,21,30.27,30.05,29.80,15,12,10,14,4,,0.00,0,,128<br />
2013-11-3,48,37,26,34,26,18,81,60,39,30.34,29.89,29.77,15,11,8,25,8,30,0.00,2,Rain,334<br />
2013-11-4,37,32,24,27,23,19,93,73,56,30.12,30.04,30.00,15,11,8,7,3,,0.00,3,Snow,113<br />
2013-11-5,39,32,24,27,21,18,86,72,42,30.36,30.25,30.12,15,12,9,8,4,,0.00,3,,129<br />
2013-11-6,48,38,28,28,22,18,81,61,34,30.46,30.41,30.36,15,12,10,10,6,,0.00,4,,138<br />
2013-11-7,53,40,28,34,27,23,93,63,38,30.44,30.29,30.07,15,12,10,14,3,,0.00,2,,144<br />
2013-11-8,62,50,37,34,27,23,75,51,23,30.10,30.07,30.04,15,12,10,12,4,,0.00,1,,83<br />
2013-11-9,57,44,30,34,28,21,81,66,29,30.23,30.16,30.09,15,12,6,10,3,,0.00,1,,136<br />
2013-11-10,57,44,30,34,28,25,87,70,31,30.32,30.27,30.22,15,11,7,7,2,,0.00,0,,133<br />
2013-11-11,59,44,30,32,27,23,80,64,29,30.43,30.34,30.28,15,12,10,6,2,,0.00,0,,150<br />
2013-11-12,57,44,30,34,28,23,87,70,33,30.51,30.43,30.28,15,12,10,6,3,,0.00,1,,114<br />
2013-11-13,55,44,32,37,31,27,93,68,38,30.37,30.29,30.20,15,11,7,15,3,17,0.00,2,,319<br />
2013-11-14,55,42,28,34,28,23,93,70,36,30.25,30.08,29.77,15,10,5,7,3,,0.00,1,,127<br />
2013-11-15,42,38,32,36,31,27,100,78,57,29.79,29.74,29.71,15,11,5,22,6,24,0.00,6,Rain,344<br />
2013-11-16,37,32,28,36,31,27,100,91,75,29.80,29.68,29.60,15,8,0,10,4,,0.00,5,Rain-Snow,88<br />
2013-11-17,51,42,32,36,32,27,93,79,44,30.16,30.01,29.81,15,12,10,21,8,,0.00,4,,333<br />
2013-11-18,57,42,26,36,29,25,93,69,38,30.21,30.12,29.99,15,12,10,18,5,23,0.00,1,,142<br />
2013-11-19,51,45,39,43,34,28,93,70,50,30.00,29.96,29.93,15,12,10,12,6,,0.00,4,,125<br />
2013-11-20,48,42,35,41,38,30,93,88,66,29.94,29.90,29.86,15,11,6,8,2,,0.00,7,Rain,138<br />
2013-11-21,42,38,33,41,32,21,93,80,56,30.27,30.04,29.88,15,10,5,21,8,26,0.00,7,Rain-Snow,305<br />
2013-11-22,37,34,30,27,17,9,80,50,33,30.33,30.27,30.23,15,11,10,22,10,30,0.00,2,,320<br />
2013-11-23,48,39,30,27,14,7,57,39,30,30.26,30.20,30.12,15,12,10,20,12,28,0.00,3,,327<br />
2013-11-24,39,32,26,34,28,23,100,75,56,30.25,30.18,30.13,15,11,1,7,2,,0.00,4,,34<br />
2013-11-25,39,32,24,30,27,21,100,88,65,30.45,30.35,30.25,15,9,5,5,1,,0.00,3,,104<br />
2013-11-26,42,32,23,30,24,19,100,83,53,30.48,30.41,30.32,15,8,5,7,3,,0.00,0,,110<br />
2013-11-27,46,34,23,32,25,19,100,83,49,30.32,30.22,30.11,15,10,7,6,1,,0.00,2,,208<br />
2013-11-28,48,36,24,34,27,21,100,80,43,30.19,30.14,30.09,15,10,0,8,1,,0.00,2,,340<br />
2013-11-29,48,37,26,32,27,23,100,79,46,30.31,30.25,30.19,15,11,5,13,2,,0.00,0,,109<br />
2013-11-30,44,34,24,30,25,19,93,78,53,30.36,30.31,30.25,15,12,10,9,3,,0.00,1,,132<br />
2013-12-1,51,38,26,30,26,21,100,71,41,30.37,30.28,30.16,15,12,10,9,3,,0.00,2,,129<br />
2013-12-2,51,42,32,34,28,19,81,61,37,30.15,29.93,29.64,15,12,10,9,3,,0.00,4,,79<br />
2013-12-3,44,34,23,34,24,18,93,80,61,29.71,29.66,29.61,10,6,0,26,15,34,0.00,8,Snow,313<br />
2013-12-4,23,14,6,19,9,1,92,73,53,30.07,29.86,29.67,15,11,6,24,16,29,0.00,3,Snow,313<br />
2013-12-5,15,8,0,9,1,-6,100,83,66,30.07,30.04,30.00,15,12,10,12,5,,0.00,1,,147<br />
2013-12-6,17,9,1,10,3,-6,100,82,58,30.12,30.06,29.99,15,12,10,10,4,,0.00,3,,152<br />
2013-12-7,24,17,10,23,15,7,93,79,63,29.98,29.78,29.64,15,8,0,23,8,23,0.00,7,Snow,125<br />
2013-12-8,17,11,5,12,9,1,100,82,68,30.17,30.01,29.81,15,11,10,20,11,,0.00,5,,303<br />
2013-12-9,12,6,0,10,3,-4,100,88,73,30.52,30.36,30.18,15,10,2,13,3,,0.00,1,,279<br />
2013-12-10,12,4,-4,10,1,-9,100,87,67,30.52,30.42,30.31,15,12,10,5,1,,0.00,1,,288<br />
2013-12-11,15,8,0,10,3,-6,100,88,73,30.53,30.46,30.39,15,8,1,5,0,,0.00,0,,235<br />
2013-12-12,17,8,0,12,2,-8,100,89,72,30.50,30.39,30.21,7,4,0,6,0,,0.00,0,,188<br />
2013-12-13,19,10,1,18,7,-2,100,91,78,30.46,30.27,30.17,5,4,2,6,1,,0.00,4,,125<br />
2013-12-14,26,20,14,21,16,10,100,89,74,30.62,30.54,30.46,5,3,1,6,1,,0.00,6,,253<br />
2013-12-15,21,12,3,18,10,1,100,90,73,30.59,30.54,30.48,5,2,1,6,1,,0.00,0,Fog,10<br />
2013-12-16,24,14,5,18,9,1,100,88,74,30.54,30.50,30.47,6,3,0,5,0,,0.00,0,,231<br />
2013-12-17,24,14,5,19,9,1,100,90,74,30.54,30.45,30.24,7,4,1,5,0,,0.00,0,,290<br />
2013-12-18,37,24,10,36,18,7,100,89,79,30.24,30.02,29.70,10,5,2,15,1,,0.04,3,Rain,288<br />
2013-12-19,39,34,28,39,32,25,100,89,80,29.89,29.70,29.57,10,8,2,17,9,22,0.07,7,Snow,304<br />
2013-12-20,30,24,17,27,21,16,100,84,69,29.96,29.90,29.84,15,9,5,16,9,,0.00,5,,303<br />
2013-12-21,28,19,10,27,21,7,100,94,79,30.11,29.88,29.78,7,4,0,6,1,,0.00,7,Snow,243<br />
2013-12-22,32,23,14,30,22,12,100,94,75,30.37,30.22,30.12,5,3,0,6,2,,0.01,8,Snow,257<br />
2013-12-23,35,32,28,32,29,25,100,92,81,30.49,30.40,30.36,6,2,0,5,1,,0.01,7,Fog-Snow,166<br />
2013-12-24,37,26,15,34,24,12,100,84,52,30.54,30.39,30.28,15,9,0,15,3,23,0.00,-218,,324<br />
2013-12-25,24,17,10,18,11,7,100,85,69,30.62,30.56,30.53,15,11,9,7,1,,0.00,0,,173<br />
2013-12-26,26,16,6,16,10,3,100,88,59,30.55,30.51,30.48,15,10,4,5,1,,0.00,1,Fog,274<br />
2013-12-27,28,18,8,18,12,7,100,86,59,30.49,30.40,30.23,15,10,3,6,1,,0.00,0,,247<br />
2013-12-28,30,22,14,21,15,10,100,87,64,30.29,30.18,30.12,10,6,2,17,2,,0.00,1,,354<br />
2013-12-29,24,15,6,19,11,3,100,92,79,30.41,30.34,30.29,5,1,0,5,1,,0.00,1,Fog,194<br />
2013-12-30,26,17,8,19,13,3,100,87,69,30.43,30.35,30.30,10,4,0,5,1,,0.00,3,Fog,264<br />
2013-12-31,35,26,17,27,20,12,93,82,60,30.30,30.25,30.20,10,7,5,7,1,,0.00,5,,309<br />
