
MST,Max TemperatureF,Mean TemperatureF,Min TemperatureF,Max Dew PointF,MeanDew PointF,Min DewpointF,Max Humidity, Mean Humidity, Min Humidity, Max Sea Level PressureIn, Mean Sea Level PressureIn, Min Sea Level PressureIn, Max VisibilityMiles, Mean VisibilityMiles, Min VisibilityMiles, Max Wind SpeedMPH, Mean Wind SpeedMPH, Max Gust SpeedMPH,PrecipitationIn, CloudCover, Events, WindDirDegrees<br />
2011-1-1,17,9,1,9,2,-4,100,83,53,30.31,30.22,30.13,15,12,10,9,5,,0.00,1,,141<br />
2011-1-2,21,11,1,18,8,0,100,81,63,30.31,30.22,30.10,15,11,8,12,3,,0.00,6,Snow,151<br />
2011-1-3,24,17,10,18,15,9,100,85,69,30.22,30.13,30.09,10,10,7,6,2,,0.00,6,,160<br />
2011-1-4,26,20,14,21,17,10,100,86,69,30.33,30.26,30.21,10,8,2,6,2,,0.00,5,,140<br />
2011-1-5,24,17,10,18,12,7,100,91,69,30.47,30.40,30.33,10,8,2,8,1,,0.00,1,,134<br />
2011-1-6,24,16,8,18,13,7,100,92,74,30.50,30.42,30.32,8,6,3,6,1,,0.00,0,,158<br />
2011-1-7,24,17,10,18,14,9,100,93,74,30.35,30.20,30.04,6,4,2,5,1,,0.00,0,,164<br />
2011-1-8,24,17,10,25,17,9,100,92,80,30.03,29.92,29.82,4,3,2,9,1,,0.00,5,,168<br />
2011-1-9,24,19,14,25,17,7,100,83,68,30.07,29.93,29.83,15,7,2,16,9,21,0.00,5,Snow,291<br />
2011-1-10,17,12,6,14,9,1,100,89,73,30.38,30.24,30.08,10,8,2,7,2,,0.00,4,Snow,160<br />
2011-1-11,15,8,1,9,3,-2,100,84,68,30.44,30.39,30.34,15,10,10,10,2,,0.00,1,,234<br />
2011-1-12,28,22,15,19,15,12,100,82,64,30.46,30.42,30.36,10,10,7,6,1,,0.00,6,,234<br />
2011-1-13,30,21,12,30,19,10,100,88,69,30.46,30.38,30.27,10,8,2,7,1,,0.03,4,,112<br />
2011-1-14,35,30,26,32,29,25,100,95,87,30.52,30.44,30.33,3,2,1,7,1,,0.00,7,,336<br />
2011-1-15,32,28,24,28,26,23,100,97,87,30.50,30.41,30.26,4,1,0,5,1,,0.00,7,Fog,213<br />
2011-1-16,33,28,23,34,28,21,100,96,86,30.26,30.19,30.16,5,2,0,5,1,,0.07,8,Rain-Snow,9<br />
2011-1-17,44,38,33,36,32,28,100,89,61,30.18,30.10,30.00,10,5,1,17,3,,0.03,6,,297<br />
2011-1-18,39,32,24,36,28,21,100,85,65,30.23,30.13,29.91,15,11,10,10,2,,0.00,3,,153<br />
2011-1-19,39,34,28,34,28,21,100,81,65,30.32,30.03,29.86,15,10,1,20,8,25,0.01,6,Rain-Snow,333<br />
2011-1-20,32,28,24,25,22,19,93,80,60,30.44,30.35,30.31,15,11,10,10,5,,0.00,5,,265<br />
2011-1-21,35,30,24,28,23,19,93,76,52,30.35,30.24,30.08,15,11,10,5,2,,0.00,6,,160<br />
2011-1-22,42,34,26,30,27,25,100,81,49,30.28,30.12,30.05,15,10,2,18,5,25,0.00,5,Snow,317<br />
2011-1-23,35,27,19,25,21,16,100,83,60,30.35,30.28,30.21,15,11,10,8,3,,0.00,2,,129<br />
2011-1-24,46,34,21,27,22,16,100,81,43,30.33,30.26,30.20,15,11,9,7,3,,0.00,4,,154<br />
2011-1-25,32,29,26,30,26,21,100,89,80,30.35,30.28,30.23,15,8,1,6,2,,0.00,7,Snow,157<br />
2011-1-26,37,30,23,34,27,19,100,91,70,30.49,30.42,30.35,10,4,2,6,2,,0.00,5,,264<br />
2011-1-27,33,24,15,27,21,12,100,90,75,30.51,30.44,30.37,10,6,0,6,2,,0.00,1,Fog,195<br />
2011-1-28,33,25,17,28,22,16,100,94,75,30.36,30.24,30.10,7,2,0,7,1,,0.00,4,Fog,147<br />
2011-1-29,32,26,19,28,22,18,100,95,86,30.12,30.06,29.99,18,2,0,6,2,,0.00,5,Fog,150<br />
2011-1-30,42,32,23,32,26,21,100,89,57,29.99,29.94,29.87,10,4,1,16,3,,0.00,4,,299<br />
2011-1-31,35,30,26,32,26,19,100,84,56,30.08,30.03,29.98,15,7,1,20,8,26,0.00,7,,301<br />
2011-2-1,26,17,8,21,6,-11,93,63,36,30.35,30.15,30.02,15,11,10,26,16,30,0.00,3,,311<br />
2011-2-2,17,10,3,3,-3,-9,73,59,42,30.54,30.43,30.34,15,11,10,10,7,,0.00,0,,158<br />
2011-2-3,24,15,6,14,5,0,86,70,46,30.57,30.52,30.49,15,12,10,9,5,,0.00,1,,153<br />
2011-2-4,30,22,15,27,16,9,93,75,50,30.51,30.41,30.26,15,11,10,7,2,,0.00,6,,208<br />
2011-2-5,42,35,28,30,27,25,100,81,53,30.26,30.15,30.08,15,8,2,14,3,,0.00,7,,276<br />
2011-2-6,41,36,32,28,24,18,81,67,42,30.34,30.25,30.15,15,11,7,12,7,,0.00,7,,288<br />
2011-2-7,48,38,28,34,30,25,100,85,50,30.31,30.09,29.76,15,10,2,32,6,41,0.01,7,Rain-Snow,356<br />
2011-2-8,32,26,21,27,18,9,93,72,51,30.24,30.03,29.90,15,11,4,21,8,28,0.01,3,,307<br />
2011-2-9,30,24,17,21,14,9,79,68,44,30.36,30.30,30.13,15,12,10,12,4,,0.00,5,,168<br />
2011-2-10,33,26,19,23,18,16,86,76,51,30.35,30.29,30.24,15,12,10,6,2,,0.00,4,,179<br />
2011-2-11,35,26,17,21,18,14,93,78,48,30.47,30.40,30.32,15,12,10,8,2,,0.00,0,,149<br />
2011-2-12,42,32,21,27,21,18,93,75,42,30.49,30.41,30.25,15,11,10,7,1,,0.00,1,,130<br />
2011-2-13,51,38,26,27,23,18,86,69,33,30.27,30.21,30.15,15,11,10,12,4,,0.00,0,,145<br />
2011-2-14,57,42,26,27,22,18,86,60,23,30.15,30.08,30.01,15,12,10,17,5,,0.00,1,,155<br />
2011-2-15,55,42,30,39,23,19,87,55,29,30.13,30.02,29.85,15,12,10,21,7,23,0.00,2,,132<br />
2011-2-16,53,42,30,28,25,21,93,56,33,29.85,29.72,29.49,15,10,1,30,13,37,0.00,4,Snow,152<br />
2011-2-17,39,32,24,28,24,18,100,80,42,29.99,29.91,29.82,15,11,2,16,4,17,0.00,4,,138<br />
2011-2-18,48,38,28,39,23,19,93,60,34,29.97,29.93,29.90,15,12,10,18,12,22,0.00,2,,146<br />
2011-2-19,46,40,33,37,30,27,100,70,46,29.88,29.72,29.57,15,10,4,23,14,32,0.08,5,Rain-Snow,147<br />
2011-2-20,37,32,26,30,27,25,93,80,65,29.96,29.81,29.68,10,8,1,18,9,24,0.08,7,Snow,185<br />
2011-2-21,41,34,26,28,25,19,100,81,42,30.01,29.96,29.92,15,11,8,9,4,,0.00,5,,111<br />
2011-2-22,44,35,26,39,22,18,93,65,42,29.97,29.93,29.85,15,12,10,17,11,28,0.00,4,,151<br />
2011-2-23,42,36,30,27,23,18,86,64,36,29.99,29.92,29.84,15,12,10,13,9,,0.00,6,,313<br />
2011-2-24,44,36,28,30,26,14,100,68,31,29.91,29.86,29.83,15,12,2,20,5,25,0.00,5,,225<br />
2011-2-25,42,36,30,32,30,28,100,84,57,29.90,29.76,29.56,15,6,1,21,6,28,0.00,7,Snow,173<br />
2011-2-26,42,35,28,30,27,25,93,85,53,29.70,29.64,29.57,15,6,1,24,13,28,0.00,8,Snow,305<br />
2011-2-27,33,30,24,27,23,19,86,79,56,30.14,29.83,29.64,15,11,10,20,11,24,0.00,6,,295<br />
2011-2-28,46,35,24,27,22,18,86,68,40,30.21,30.16,30.13,15,12,10,17,9,,0.00,2,,144<br />
2011-3-1,51,40,28,28,23,16,75,60,24,30.23,30.16,30.10,15,12,10,14,7,,0.00,0,,141<br />
2011-3-2,55,44,33,36,28,23,81,59,33,30.12,30.06,30.01,15,12,10,18,8,,0.00,3,,137<br />
2011-3-3,46,42,37,39,34,30,93,77,57,30.19,30.07,30.02,15,12,10,14,6,21,0.00,7,,283<br />
2011-3-4,46,40,33,34,29,19,93,75,39,30.39,30.30,30.19,15,11,10,12,5,,0.00,3,,215<br />
2011-3-5,53,44,35,30,25,21,65,56,28,30.36,30.23,30.04,15,12,10,14,8,,0.00,5,,149<br />
2011-3-6,48,42,37,39,32,25,93,72,50,30.04,29.91,29.80,15,10,5,10,4,,0.04,7,Rain,133<br />
2011-3-7,42,38,33,39,35,28,100,90,81,29.81,29.68,29.48,10,9,2,24,5,29,0.02,8,Rain-Snow,295<br />
2011-3-8,41,36,30,39,25,18,93,69,42,30.31,30.07,29.81,15,11,10,22,13,26,0.19,7,,315<br />
2011-3-9,53,42,30,36,29,25,93,65,38,30.43,30.37,30.31,15,12,9,10,3,,0.00,5,,135<br />
2011-3-10,64,47,30,36,29,25,87,58,26,30.39,30.21,29.96,15,12,10,18,6,26,0.00,2,,143<br />
2011-3-11,53,47,41,36,33,28,71,60,38,30.16,30.06,30.00,15,12,10,18,12,24,0.00,5,,308<br />
2011-3-12,53,43,33,39,34,30,87,75,50,30.17,30.05,30.00,15,12,10,17,7,,0.00,4,,231<br />
2011-3-13,55,44,32,37,33,27,100,74,35,30.33,30.24,30.17,15,12,10,12,5,,0.00,3,,296<br />
2011-3-14,53,45,37,39,32,27,87,64,46,30.25,30.20,30.15,15,12,10,12,5,,0.00,3,,114<br />
2011-3-15,62,48,35,39,36,34,93,74,34,30.24,30.14,29.99,15,12,10,9,4,,0.00,4,,127<br />
2011-3-16,64,52,39,43,34,23,87,57,34,30.10,29.94,29.75,15,11,3,23,7,32,0.21,7,Rain,157<br />
2011-3-17,44,38,33,30,23,16,81,57,34,30.22,30.16,30.10,15,12,10,22,12,28,0.00,3,,337<br />
2011-3-18,55,42,28,34,26,19,86,58,33,30.21,30.07,29.85,10,10,10,20,7,25,0.00,2,,132<br />
2011-3-19,55,46,37,36,31,19,93,61,30,29.97,29.83,29.73,15,10,7,23,11,29,0.04,4,Rain-Snow,159<br />
2011-3-20,51,43,35,36,31,25,93,67,40,29.99,29.88,29.72,15,11,10,25,8,28,0.01,7,,135<br />
2011-3-21,51,44,37,34,25,21,81,47,30,29.79,29.67,29.55,15,11,6,25,12,46,0.00,7,Rain-Snow,167<br />
2011-3-22,44,38,32,37,27,25,81,65,49,30.03,29.92,29.80,15,11,6,18,11,24,0.00,6,,204<br />
2011-3-23,53,40,26,30,24,18,100,61,28,30.08,29.96,29.76,15,12,9,28,6,34,0.00,2,,125<br />
2011-3-24,51,45,39,32,25,18,75,46,30,29.82,29.72,29.63,15,11,10,22,14,30,0.00,6,Rain,169<br />
2011-3-25,41,36,30,36,27,19,93,72,45,29.95,29.83,29.74,15,9,1,17,7,28,0.00,4,Rain-Snow,136<br />
2011-3-26,50,37,24,36,28,23,100,81,40,29.96,29.85,29.73,15,11,6,14,4,,0.03,5,,146<br />
2011-3-27,48,42,35,37,33,23,93,76,40,29.89,29.79,29.72,15,13,10,22,5,40,0.05,7,,167<br />
2011-3-28,46,40,32,36,30,23,93,71,53,30.17,30.02,29.90,15,10,0,23,8,34,0.00,5,Rain-Snow,337<br />
2011-3-29,48,36,24,30,22,19,86,52,32,30.25,30.18,30.10,15,15,15,13,4,,0.00,5,,246<br />
2011-3-30,51,46,41,39,36,30,87,69,50,30.28,30.23,30.19,15,12,10,8,5,,0.00,6,,335<br />
2011-3-31,62,50,37,41,38,34,100,72,34,30.26,30.19,30.12,15,12,10,10,2,,0.00,3,,208<br />
2011-4-1,66,50,35,43,36,28,93,69,24,30.14,30.07,29.92,15,11,10,7,3,,0.00,1,,158<br />
2011-4-2,71,55,39,41,36,30,81,61,29,29.91,29.79,29.58,15,11,7,26,5,33,0.04,3,Rain,64<br />
2011-4-3,37,34,30,34,28,25,93,81,60,30.29,30.00,29.76,15,10,2,32,22,40,0.21,6,,308<br />
2011-4-4,48,37,26,43,26,18,87,69,32,30.37,30.30,30.19,15,12,10,10,5,,0.00,2,,146<br />
2011-4-5,66,50,33,39,32,27,81,66,35,30.18,30.00,29.76,15,11,10,30,9,36,0.00,3,,131<br />
2011-4-6,53,45,37,37,35,30,93,74,41,30.05,29.94,29.75,15,11,10,13,7,,0.05,6,Rain,162<br />
2011-4-7,55,46,37,37,32,27,87,61,38,29.75,29.61,29.45,15,12,10,25,7,34,0.01,5,Rain,140<br />
2011-4-8,39,36,33,36,34,30,100,91,75,29.79,29.64,29.54,15,10,4,17,6,26,0.25,8,Rain,148<br />
2011-4-9,39,36,32,34,32,30,100,91,75,29.91,29.76,29.67,10,6,1,16,5,,0.04,8,Snow,156<br />
2011-4-10,46,40,35,34,30,27,93,72,50,30.33,30.12,29.92,15,11,10,17,12,22,0.01,5,,229<br />
2011-4-11,55,42,30,39,31,27,93,71,38,30.35,30.25,30.07,15,12,10,10,4,,0.00,2,,149<br />
2011-4-12,55,47,39,39,38,34,87,75,51,30.07,30.03,29.98,15,12,10,14,6,20,0.00,3,,242<br />
2011-4-13,62,48,35,41,35,28,93,75,31,30.05,29.94,29.68,15,11,7,34,5,45,0.00,3,,268<br />
2011-4-14,46,42,35,36,28,18,87,63,34,30.32,30.17,29.96,15,12,10,22,15,29,0.00,4,,312<br />
2011-4-15,57,42,28,34,27,21,86,60,26,30.35,30.26,30.12,15,12,10,7,3,,0.00,1,,148<br />
2011-4-16,62,52,42,45,37,34,76,61,37,30.12,30.05,29.93,15,11,10,8,3,,0.00,5,,173<br />
2011-4-17,66,55,44,46,42,37,76,67,43,29.93,29.84,29.76,15,12,10,16,6,,0.00,6,,314<br />
2011-4-18,53,48,44,48,44,39,94,81,67,29.82,29.75,29.70,15,11,4,17,8,,0.00,7,Rain,317<br />
2011-4-19,51,46,41,43,37,30,87,75,50,30.06,29.93,29.81,15,11,8,22,8,28,0.10,5,,302<br />
2011-4-20,55,47,39,46,39,30,93,78,51,30.03,29.96,29.83,15,11,5,26,4,40,0.08,5,Rain-Thunderstorm,160<br />
2011-4-21,57,48,39,45,38,28,100,75,38,30.02,29.89,29.72,15,11,2,32,6,40,0.00,4,,46<br />
2011-4-22,50,44,37,37,28,19,100,60,34,30.12,30.05,29.99,15,12,10,17,10,21,0.00,4,,316<br />
2011-4-23,46,40,35,37,29,19,93,66,42,29.99,29.95,29.93,15,11,7,7,2,,0.00,4,Rain,38<br />
2011-4-24,53,45,37,39,36,34,100,79,50,29.93,29.88,29.79,15,11,5,12,3,,0.00,5,,187<br />
2011-4-25,53,47,41,48,37,25,100,76,46,29.99,29.89,29.80,15,11,3,21,7,28,0.00,6,Rain-Thunderstorm,137<br />
2011-4-26,44,40,35,39,30,21,93,70,39,30.12,29.93,29.81,15,11,9,26,14,33,0.03,7,Rain,314<br />
2011-4-27,53,40,28,30,26,18,93,65,28,30.23,30.18,30.12,15,12,10,9,3,,0.00,2,,66<br />
2011-4-28,66,50,33,37,30,23,75,51,22,30.21,29.99,29.68,15,12,10,15,6,34,0.00,3,,169<br />
2011-4-29,55,44,33,39,30,19,87,70,37,30.12,29.93,29.70,15,10,2,30,13,39,0.03,7,Snow,285<br />
2011-4-30,46,37,28,32,29,27,100,82,46,30.21,30.17,30.14,15,10,1,20,7,24,0.00,5,Snow,38<br />
2011-5-1,55,42,30,30,24,9,93,60,18,30.32,30.24,30.21,15,12,10,18,4,23,0.00,1,,284<br />
2011-5-2,59,44,30,34,26,16,80,57,21,30.43,30.34,30.24,15,12,10,8,5,,0.00,1,,138<br />
2011-5-3,66,54,42,39,31,25,76,51,24,30.25,30.19,30.07,15,12,10,23,8,30,0.00,4,,108<br />
2011-5-4,57,48,39,39,30,25,81,54,29,30.40,30.32,30.22,15,12,10,16,8,21,0.00,0,,330<br />
2011-5-5,71,52,33,43,30,23,81,54,17,30.39,30.23,30.00,15,11,10,8,3,,0.00,0,,135<br />
2011-5-6,71,58,44,45,37,28,67,51,25,30.00,29.95,29.88,15,12,10,8,4,,0.00,2,,159<br />
2011-5-7,78,61,44,48,41,32,76,54,19,29.88,29.80,29.68,15,12,10,14,5,,0.00,1,,165<br />
2011-5-8,66,55,44,46,38,28,93,55,24,29.69,29.65,29.62,15,11,8,23,10,32,0.25,6,Rain,266<br />
2011-5-9,44,42,39,43,40,37,100,86,76,29.80,29.66,29.56,10,9,2,17,5,17,0.19,8,Rain,290<br />
2011-5-10,53,46,39,39,38,37,100,78,54,29.87,29.82,29.77,15,12,9,16,7,20,0.03,7,,297<br />
2011-5-11,59,52,44,45,41,37,93,74,48,30.08,29.94,29.86,15,12,10,12,7,,0.00,5,Rain,318<br />
2011-5-12,68,54,39,48,40,34,93,69,32,30.22,30.16,30.09,15,12,10,8,3,,0.00,0,,155<br />
2011-5-13,75,58,42,52,41,37,87,58,25,30.24,30.15,30.00,15,12,10,14,4,,0.00,1,,192<br />
2011-5-14,69,62,55,46,41,36,72,50,34,29.99,29.91,29.81,15,12,10,18,9,26,0.00,2,Rain-Thunderstorm,148<br />
2011-5-15,78,66,51,45,40,34,72,50,23,29.82,29.76,29.60,15,11,5,23,11,32,0.00,1,,148<br />
2011-5-16,57,50,44,39,34,30,76,56,41,29.95,29.86,29.80,15,11,10,24,14,24,0.00,4,,302<br />
2011-5-17,51,46,42,43,40,36,93,80,58,29.84,29.78,29.71,15,11,8,17,6,24,0.02,8,Rain,157<br />
2011-5-18,50,47,44,45,42,39,100,86,71,29.70,29.60,29.54,15,10,7,18,5,,0.06,8,Rain,167<br />
2011-5-19,51,45,39,45,41,37,100,87,58,29.89,29.74,29.64,15,10,5,9,5,,0.67,8,Rain,119<br />
2011-5-20,59,52,44,46,44,41,100,82,51,30.02,29.95,29.88,15,11,9,16,6,23,0.46,7,,147<br />
2011-5-21,68,55,42,48,44,37,100,72,35,30.03,29.99,29.93,15,12,10,7,2,,0.00,4,,95<br />
2011-5-22,66,58,51,54,46,39,88,70,40,29.98,29.93,29.85,15,12,10,18,4,32,0.02,7,,153<br />
2011-5-23,62,55,48,48,47,45,94,82,52,29.93,29.87,29.79,15,11,7,25,7,44,0.09,7,Rain-Thunderstorm,145<br />
2011-5-24,60,53,46,46,42,34,93,70,41,30.12,29.95,29.83,15,12,10,17,9,23,0.04,5,,269<br />
2011-5-25,68,54,39,46,40,37,93,65,35,30.17,30.06,29.83,15,11,10,23,7,28,0.00,1,,139<br />
2011-5-26,62,56,51,39,35,30,58,45,34,30.00,29.90,29.77,15,12,10,29,17,34,0.00,4,,300<br />
2011-5-27,62,55,48,45,36,28,72,54,27,30.01,29.96,29.88,15,12,10,16,6,25,0.00,7,,334<br />
2011-5-28,60,52,44,45,42,37,82,72,45,29.88,29.73,29.53,15,11,6,26,6,36,0.01,7,Rain,320<br />
2011-5-29,51,46,41,43,38,37,93,82,62,29.64,29.57,29.52,15,10,7,21,12,26,0.63,7,Rain,307<br />
2011-5-30,55,46,37,43,38,36,100,77,47,30.14,29.88,29.63,15,12,10,23,10,28,0.17,6,Rain,173<br />
2011-5-31,75,56,37,45,37,30,93,62,27,30.17,30.10,30.00,15,12,10,18,5,,0.00,1,,133<br />
2011-6-1,77,62,46,45,36,30,66,44,24,30.02,29.93,29.78,15,12,10,15,9,,0.00,2,,149<br />
2011-6-2,60,53,46,37,32,27,62,43,29,30.05,29.92,29.80,15,12,10,21,11,23,0.00,1,,211<br />
2011-6-3,64,52,39,43,35,27,87,61,26,30.15,30.10,30.05,15,12,10,13,6,16,0.00,1,,307<br />
2011-6-4,73,57,41,48,40,34,87,60,27,30.15,30.09,30.05,15,12,10,9,4,,0.00,2,,32<br />
2011-6-5,86,66,46,48,42,36,76,51,18,30.15,30.06,29.94,15,12,8,10,3,,0.00,0,,129<br />
2011-6-6,82,66,51,46,40,34,67,46,19,29.96,29.88,29.70,15,11,6,30,8,41,0.00,2,,167<br />
2011-6-7,71,58,46,48,42,37,87,55,29,30.02,29.97,29.93,15,12,10,14,7,,0.00,2,,285<br />
2011-6-8,77,62,48,48,42,37,77,61,25,30.04,29.95,29.83,15,12,10,23,7,38,0.00,1,,357<br />
2011-6-9,66,56,46,48,44,37,93,66,37,30.14,30.07,30.01,15,12,10,20,7,25,0.01,2,,337<br />
2011-6-10,80,62,44,48,40,32,81,56,21,30.15,30.05,29.89,15,12,10,25,5,30,0.00,1,,133<br />
2011-6-11,80,66,51,52,45,34,72,54,18,29.94,29.87,29.76,15,12,10,13,5,17,0.00,2,,289<br />
2011-6-12,77,66,55,54,47,37,77,61,27,29.95,29.89,29.83,15,12,8,10,4,,0.00,2,,90<br />
2011-6-13,75,63,51,52,44,36,77,57,25,30.11,30.01,29.94,15,12,10,23,6,37,0.00,2,,137<br />
2011-6-14,75,63,51,54,47,43,82,64,34,30.25,30.16,30.10,15,12,8,12,3,,0.00,1,,155<br />
2011-6-15,86,68,51,54,46,39,77,56,19,30.10,29.97,29.76,15,12,10,9,4,16,0.00,1,,170<br />
2011-6-16,73,64,55,52,44,34,67,51,33,29.98,29.85,29.74,15,12,10,34,13,47,0.00,2,,312<br />
2011-6-17,73,58,44,39,36,23,76,47,16,30.03,29.99,29.93,15,12,10,16,5,,0.00,1,,340<br />
2011-6-18,78,62,46,46,41,34,82,52,20,30.00,29.91,29.73,15,12,10,14,5,,0.00,3,,128<br />
2011-6-19,69,60,51,52,47,36,94,73,28,29.96,29.83,29.73,15,10,5,22,11,29,0.34,6,Rain,306<br />
2011-6-20,71,60,48,50,46,39,94,72,37,30.07,30.02,29.96,15,11,7,10,4,,0.00,2,,140<br />
2011-6-21,93,70,48,55,48,41,93,66,21,30.15,30.10,30.07,15,12,9,10,4,,0.00,0,,113<br />
2011-6-22,87,70,53,61,50,43,82,60,22,30.15,30.08,29.96,15,12,5,9,4,,0.00,0,,155<br />
2011-6-23,91,78,64,55,49,36,68,46,17,29.96,29.90,29.81,15,12,10,13,6,,0.00,1,,134<br />
2011-6-24,86,72,57,57,51,37,82,56,21,29.92,29.86,29.83,15,12,7,13,4,,0.00,0,,192<br />
2011-6-25,89,73,57,59,49,34,72,52,15,29.94,29.87,29.80,15,12,5,12,5,,0.00,0,,134<br />
2011-6-26,80,68,57,52,47,43,72,52,28,30.03,29.93,29.84,15,12,10,15,6,22,0.00,0,,232<br />
2011-6-27,89,71,53,55,47,39,82,53,17,30.07,30.01,29.91,15,12,10,9,4,,0.00,0,,175<br />
2011-6-28,95,77,59,48,43,39,56,37,15,29.96,29.92,29.84,15,11,10,28,9,33,0.00,1,,128<br />
2011-6-29,87,76,66,55,48,41,68,41,24,29.91,29.86,29.80,15,12,10,26,9,38,0.00,2,Thunderstorm,131<br />
2011-6-30,80,71,62,57,53,46,73,59,30,30.03,29.93,29.83,15,12,10,15,8,20,0.02,3,Thunderstorm,136<br />
2011-7-1,84,70,57,61,53,48,82,60,30,30.13,30.07,30.03,15,12,5,13,4,,0.00,1,,267<br />
2011-7-2,96,78,60,63,53,41,77,55,15,30.13,30.03,29.95,15,11,4,8,3,,0.00,0,,175<br />
2011-7-3,96,78,59,55,52,43,77,47,16,30.04,29.99,29.96,15,12,10,14,5,25,0.00,1,,143<br />
2011-7-4,87,78,69,63,53,48,78,47,29,30.15,30.06,30.01,15,11,9,16,8,21,0.01,3,,124<br />
2011-7-5,84,75,66,64,58,52,94,61,39,30.24,30.15,30.07,15,12,10,21,9,26,0.21,4,Thunderstorm,223<br />
2011-7-6,84,73,62,63,60,55,94,74,37,30.21,30.15,30.07,15,11,7,23,8,,0.05,2,,114<br />
2011-7-7,84,75,66,63,60,55,88,66,37,30.13,30.08,30.00,15,12,10,17,4,29,0.01,6,,101<br />
2011-7-8,82,72,62,63,59,52,94,72,37,30.06,30.02,29.95,15,12,5,12,5,18,0.00,3,,140<br />
2011-7-9,89,74,60,55,53,48,77,56,24,30.05,30.00,29.89,15,12,9,18,8,23,0.00,1,,150<br />
2011-7-10,89,78,66,57,55,52,73,55,31,30.10,30.01,29.93,15,12,8,29,9,34,0.00,3,Thunderstorm,175<br />
2011-7-11,89,76,62,55,54,50,73,56,31,30.07,30.04,29.98,15,12,8,13,5,,0.00,2,,106<br />
2011-7-12,87,78,68,57,55,48,68,52,25,30.06,29.99,29.93,15,12,9,20,9,24,0.00,3,,140<br />
2011-7-13,84,76,68,57,54,50,64,52,33,30.02,29.94,29.87,15,12,10,29,15,69,0.09,2,Thunderstorm,142<br />
2011-7-14,89,74,60,54,49,39,72,51,17,29.99,29.92,29.84,15,11,8,18,11,23,0.09,0,,129<br />
2011-7-15,80,66,55,52,46,39,67,54,23,29.98,29.92,29.85,15,12,10,8,3,,0.00,0,,107<br />
2011-7-16,,,,,,,,,,29.99,29.95,29.90,15,15,15,8,5,,0.00,1,,151<br />
2011-7-17,,,,,,,,,,30.08,30.04,30.00,15,15,15,23,6,,0.00,4,,117<br />
2011-7-18,,,,,,,,,,30.16,30.12,30.07,15,15,15,14,11,26,0.00,6,Rain-Thunderstorm,127<br />
2011-7-19,89,81,73,63,58,54,69,52,29,30.11,29.99,29.90,15,15,15,18,10,26,0.04,3,Thunderstorm,88<br />
2011-7-20,89,74,59,63,53,36,82,54,21,30.14,30.04,29.95,15,15,15,16,7,22,0.04,0,,316<br />
2011-7-21,93,74,55,63,48,30,88,53,11,30.10,29.94,29.86,15,12,5,12,4,,0.00,0,,136<br />
2011-7-22,93,74,55,54,43,32,63,41,11,29.95,29.90,29.85,15,12,10,10,6,16,0.00,0,,122<br />
2011-7-23,87,71,55,61,50,39,72,50,23,30.14,30.06,29.92,15,12,10,13,6,,0.00,0,,129<br />
2011-7-24,95,77,59,61,52,39,88,54,14,30.23,30.15,30.08,15,11,10,9,4,,0.00,0,,167<br />
2011-7-25,91,76,62,64,54,46,88,56,22,30.13,30.08,29.96,15,12,8,28,5,39,0.03,3,,152<br />
2011-7-26,87,76,66,63,59,54,83,65,35,30.04,29.99,29.88,15,12,9,17,7,23,0.04,3,Rain,132<br />
2011-7-27,84,73,62,63,56,54,77,61,35,30.11,30.04,29.99,15,12,9,22,12,24,0.11,1,Rain-Thunderstorm,140<br />
2011-7-28,84,72,60,63,56,54,88,61,37,30.18,30.12,30.09,15,11,3,17,9,20,0.00,0,,144<br />
2011-7-29,91,76,60,64,56,45,82,57,20,30.18,30.13,30.06,15,12,10,10,3,,0.00,1,,181<br />
2011-7-30,89,78,68,63,57,50,69,54,27,30.18,30.13,30.07,15,11,10,17,3,,0.00,3,,245<br />
2011-7-31,84,76,69,64,60,57,73,64,40,30.18,30.14,30.10,15,12,10,14,6,23,0.00,4,Rain,127<br />
2011-8-1,80,74,68,66,62,57,83,73,45,30.21,30.16,30.13,15,11,3,16,6,23,0.00,5,Rain-Thunderstorm,150<br />
2011-8-2,87,74,60,63,58,54,94,67,31,30.23,30.15,30.03,15,12,7,20,6,,0.00,1,,282<br />
2011-8-3,82,73,64,61,57,52,83,61,37,30.18,30.11,30.06,15,12,10,16,10,22,0.00,2,,188<br />
2011-8-4,89,74,60,57,55,50,82,62,29,30.11,30.06,29.98,15,11,10,20,6,26,0.04,1,Thunderstorm,132<br />
2011-8-5,91,76,60,55,49,34,77,50,13,30.08,30.02,29.96,15,12,10,15,7,,0.04,0,,133<br />
2011-8-6,93,73,53,55,45,30,77,47,11,30.09,30.03,29.99,15,11,9,12,5,,0.00,0,,137<br />
2011-8-7,91,73,55,52,42,30,67,42,11,30.10,30.03,29.95,15,12,7,14,6,,0.00,0,,133<br />
2011-8-8,91,74,57,55,45,34,63,45,13,30.09,30.01,29.88,15,11,6,12,5,,0.00,0,,126<br />
2011-8-9,89,72,55,55,44,32,72,43,13,30.02,29.96,29.91,15,11,3,14,7,,0.00,0,,109<br />
2011-8-10,93,73,53,55,45,36,67,45,13,30.03,29.95,29.88,15,12,9,12,4,,0.00,0,,136<br />
2011-8-11,91,74,57,54,45,37,59,43,15,30.03,29.96,29.92,15,11,6,14,6,17,0.00,0,,107<br />
2011-8-12,89,73,57,57,49,43,72,50,22,30.15,30.07,30.00,15,12,10,13,4,,0.00,0,,118<br />
2011-8-13,95,77,59,57,49,37,77,48,13,30.17,30.07,29.96,15,12,10,24,3,38,0.00,2,,192<br />
2011-8-14,87,76,66,63,55,48,83,47,25,30.18,30.08,29.96,15,12,10,16,8,24,0.00,5,Rain,157<br />
2011-8-15,91,76,62,61,55,46,88,60,21,30.15,30.04,29.92,15,12,9,33,15,44,0.02,4,Thunderstorm,24<br />
2011-8-16,84,72,60,59,55,52,77,61,33,30.16,30.10,30.02,15,11,8,20,5,,0.00,1,Thunderstorm,100<br />
2011-8-17,95,75,55,55,48,32,77,48,11,30.21,30.13,30.05,15,12,10,12,4,,0.00,0,,127<br />
2011-8-18,93,74,55,57,46,37,63,43,16,30.16,30.08,30.00,15,12,10,17,5,16,0.00,1,,142<br />
2011-8-19,91,80,69,66,53,46,57,47,21,30.05,30.00,29.91,15,11,10,14,7,,0.00,1,,143<br />
2011-8-20,93,78,62,57,52,48,77,52,21,30.08,30.01,29.96,15,12,10,17,5,30,0.04,1,,131<br />
2011-8-21,91,76,62,59,52,43,73,50,18,30.16,30.09,30.04,15,12,10,14,5,,0.04,1,,142<br />
2011-8-22,93,78,62,55,51,43,68,48,17,30.18,30.11,30.04,15,11,5,13,7,,0.00,0,,136<br />
2011-8-23,95,78,60,59,51,39,77,49,14,30.16,30.10,30.04,15,11,6,10,4,,0.00,0,,124<br />
2011-8-24,95,78,60,57,50,39,72,45,15,30.17,30.10,30.02,15,12,10,16,5,23,0.00,1,,147<br />
2011-8-25,93,80,68,55,52,48,64,45,23,30.14,30.08,30.03,15,11,10,17,7,34,0.00,1,Rain-Thunderstorm,132<br />
2011-8-26,95,78,62,57,53,43,68,48,17,30.21,30.15,30.09,15,12,10,15,7,,0.00,1,,131<br />
2011-8-27,93,78,64,63,56,48,73,50,21,30.27,30.17,30.09,15,12,9,20,6,25,0.17,3,Thunderstorm,131<br />
2011-8-28,86,74,62,64,61,55,94,74,37,30.30,30.18,30.03,15,12,8,21,5,32,0.32,4,Thunderstorm,217<br />
2011-8-29,87,74,60,63,58,48,94,70,33,30.20,30.08,29.97,15,11,3,16,6,,0.05,1,,160<br />
2011-8-30,93,76,60,57,52,43,77,52,18,30.03,29.97,29.84,15,11,10,22,8,29,0.00,1,Thunderstorm,134<br />
2011-8-31,91,78,66,52,50,46,60,43,22,29.92,29.89,29.80,15,12,10,21,14,29,0.00,1,,151<br />
2011-9-1,87,71,55,52,45,34,63,38,15,30.04,30.00,29.95,15,13,10,14,8,17,0.00,1,,306<br />
2011-9-2,80,66,53,52,44,39,72,52,30,30.18,30.10,30.05,15,12,9,14,4,,0.00,0,,107<br />
2011-9-3,82,66,50,50,45,37,82,56,21,30.18,30.12,30.08,15,12,10,9,4,,0.00,0,,124<br />
2011-9-4,82,66,51,52,44,39,71,51,25,30.19,30.11,30.04,15,12,9,7,3,,0.00,0,,135<br />
2011-9-5,80,68,55,55,46,34,73,51,28,30.16,30.09,30.05,15,12,9,16,4,28,0.00,3,,189<br />
2011-9-6,78,66,55,55,51,41,88,60,32,30.25,30.19,30.16,15,11,9,15,4,20,0.01,2,,320<br />
2011-9-7,80,66,53,55,48,41,77,57,26,30.36,30.28,30.05,15,12,10,13,5,,0.01,0,,318<br />
2011-9-8,80,68,55,55,49,43,82,56,28,30.33,30.25,30.15,15,12,9,12,4,,0.00,1,,269<br />
2011-9-9,78,64,51,52,48,46,88,61,34,30.18,30.14,30.06,15,11,10,10,3,,0.00,1,,121<br />
2011-9-10,78,68,57,50,46,39,77,52,26,30.19,30.14,30.08,15,12,10,15,4,,0.00,2,Rain-Thunderstorm,140<br />
2011-9-11,75,65,55,54,48,45,82,59,36,30.27,30.19,30.15,15,12,10,39,8,52,0.00,3,Rain,145<br />
2011-9-12,78,66,53,52,47,41,82,63,26,30.34,30.27,30.21,15,12,10,10,6,,0.00,2,,132<br />
2011-9-13,78,64,50,54,45,39,82,59,24,30.29,30.23,30.13,15,12,10,8,2,,0.00,2,,144<br />
2011-9-14,77,64,51,52,47,43,88,62,34,30.14,30.08,29.98,15,12,10,17,4,23,0.00,2,,145<br />
2011-9-15,75,63,51,52,47,43,82,60,31,30.08,30.01,29.93,15,12,10,14,7,22,0.00,1,,136<br />
2011-9-16,75,64,53,55,49,45,94,72,36,30.06,30.01,29.93,15,11,7,16,8,24,0.01,3,Rain-Thunderstorm,135<br />
2011-9-17,71,62,53,54,50,45,94,74,38,30.19,30.12,30.06,15,12,10,12,7,,0.07,4,Rain,134<br />
2011-9-18,73,60,48,50,47,41,93,71,31,30.32,30.26,30.19,15,12,10,8,4,,0.00,0,,133<br />
2011-9-19,78,63,48,55,47,39,87,66,24,30.29,30.22,30.12,15,12,10,9,4,,0.00,0,,134<br />
2011-9-20,77,62,48,50,45,39,87,60,29,30.22,30.15,30.12,15,11,10,9,4,,0.00,0,,154<br />
2011-9-21,77,62,46,48,44,39,87,63,27,30.23,30.17,30.02,15,12,10,9,3,,0.00,0,,116<br />
2011-9-22,78,62,46,50,43,36,82,60,21,30.33,30.26,30.21,15,12,10,8,3,,0.00,0,,136<br />
2011-9-23,78,61,44,48,42,36,82,59,21,30.38,30.29,30.20,15,12,5,8,2,,0.00,0,,138<br />
2011-9-24,80,62,44,59,44,37,87,63,21,30.22,30.15,30.04,15,12,7,7,2,,0.00,0,,143<br />
2011-9-25,84,66,48,48,41,36,76,53,19,30.09,30.02,29.92,15,11,10,9,4,,0.00,0,,138<br />
2011-9-26,78,66,53,55,45,37,72,56,23,30.18,30.06,29.96,15,12,10,12,3,,0.00,1,,125<br />
2011-9-27,80,64,48,55,46,39,82,62,30,30.27,30.19,30.15,15,12,10,6,2,,0.00,0,,155<br />
2011-9-28,80,64,48,52,45,39,87,58,23,30.25,30.19,30.14,15,12,10,12,3,,0.00,0,,104<br />
2011-9-29,78,63,48,52,44,39,71,54,30,30.25,30.19,30.14,15,12,10,8,4,,0.00,0,,142<br />
2011-9-30,82,65,48,55,44,39,77,53,25,30.21,30.15,30.05,15,12,10,13,3,,0.00,1,,139<br />
2011-10-1,82,68,55,48,42,37,63,45,23,30.19,30.13,30.08,15,12,10,22,8,26,0.00,2,,140<br />
2011-10-2,80,68,55,48,45,39,67,52,23,30.19,30.13,30.07,15,12,10,10,6,,0.00,2,,126<br />
2011-10-3,80,65,50,55,47,43,88,58,28,30.15,30.09,29.98,15,12,10,16,6,20,0.04,3,,135<br />
2011-10-4,73,64,55,54,49,43,88,62,38,30.02,29.91,29.80,15,12,10,17,10,26,0.00,5,,149<br />
2011-10-5,62,54,46,48,45,41,88,72,45,29.80,29.71,29.60,15,11,8,17,8,28,0.14,6,Rain,172<br />
2011-10-6,46,40,35,39,37,34,100,88,76,29.93,29.73,29.58,15,11,7,23,9,25,0.38,7,Rain,133<br />
2011-10-7,44,40,35,39,36,32,93,83,66,30.13,30.03,29.93,15,11,10,12,7,,0.00,5,Rain,130<br />
2011-10-8,75,57,39,57,39,37,100,85,53,30.35,30.17,30.09,20,10,3,7,4,,0.09,6,Rain,117<br />
2011-10-9,57,46,35,41,37,34,100,83,48,30.24,30.16,30.05,15,12,10,9,5,,0.00,0,,141<br />
2011-10-10,64,50,37,46,38,34,93,74,34,30.07,30.02,29.94,15,11,10,16,3,23,0.00,3,,113<br />
2011-10-11,66,57,48,46,45,41,93,77,40,30.14,30.03,29.99,15,12,10,18,4,23,0.00,5,,136<br />
2011-10-12,66,52,39,45,40,36,100,73,37,30.30,30.23,30.15,15,12,10,13,5,,0.00,1,,80<br />
2011-10-13,66,52,37,46,40,36,93,74,42,30.25,30.16,30.05,15,12,10,7,3,,0.00,0,,142<br />
2011-10-14,69,55,41,46,40,36,87,67,28,30.16,30.09,30.06,15,12,10,6,2,,0.00,0,,184<br />
2011-10-15,80,62,44,54,43,39,87,68,23,30.12,30.06,29.99,15,12,10,7,3,,0.00,2,,135<br />
2011-10-16,73,58,42,46,43,37,82,66,27,30.09,30.05,30.01,15,12,10,30,4,36,0.00,2,,92<br />
2011-10-17,60,52,42,46,41,36,87,69,44,30.39,30.29,30.14,15,12,8,29,13,36,0.07,3,,322<br />
2011-10-18,59,46,33,39,35,28,93,75,36,30.44,30.37,30.26,15,12,10,7,1,,0.00,0,,135<br />
2011-10-19,66,50,35,46,36,30,93,71,32,30.25,30.13,29.98,15,12,10,10,3,,0.00,0,,131<br />
2011-10-20,64,50,37,45,39,34,100,72,40,30.21,30.14,30.09,15,12,2,9,3,,0.00,0,,118<br />
2011-10-21,68,54,39,45,38,34,87,65,37,30.25,30.21,30.17,15,12,7,17,4,,0.00,1,,127<br />
2011-10-22,64,52,39,48,38,34,87,72,37,30.36,30.30,30.25,15,12,10,8,2,,0.00,1,,129<br />
2011-10-23,62,50,37,43,37,32,100,74,37,30.33,30.26,30.15,15,12,10,6,1,,0.00,0,,137<br />
2011-10-24,71,54,37,41,36,28,87,58,29,30.15,30.04,29.93,15,12,10,16,5,18,0.00,3,,196<br />
2011-10-25,55,50,44,50,36,27,94,59,46,30.11,30.06,30.00,15,12,10,22,11,23,0.00,5,,315<br />
2011-10-26,48,42,37,39,27,16,75,57,39,30.23,30.14,30.06,15,11,10,23,11,28,0.00,1,,331<br />
2011-10-27,48,38,28,27,23,19,86,68,34,30.29,30.24,30.20,15,11,10,9,5,,0.00,1,,123<br />
2011-10-28,48,36,24,28,23,19,100,67,34,30.38,30.30,30.24,15,11,10,10,4,,0.00,1,,126<br />
2011-10-29,53,40,28,34,25,18,81,64,32,30.27,30.24,30.22,15,11,10,9,2,,0.00,1,,120<br />
2011-10-30,57,44,30,39,32,27,93,74,36,30.37,30.29,30.24,15,12,10,7,2,,0.00,0,,130<br />
2011-10-31,62,47,32,39,33,27,87,71,39,30.24,30.14,29.98,15,12,10,9,3,,0.00,1,,146<br />
2011-11-1,48,42,35,43,34,21,93,71,49,30.28,30.08,29.97,15,10,8,25,11,40,0.00,3,Rain,324<br />
2011-11-2,41,32,24,37,26,21,93,75,53,30.54,30.40,30.29,15,12,10,18,9,25,0.00,0,,15<br />
2011-11-3,55,40,26,27,24,21,100,60,31,30.30,30.08,29.80,15,12,10,25,7,31,0.00,1,,159<br />
2011-11-4,59,48,37,32,25,21,81,45,29,29.80,29.68,29.55,15,11,10,24,20,31,0.00,2,,151<br />
2011-11-5,37,28,19,32,26,16,100,75,44,29.91,29.75,29.59,15,11,10,22,13,28,0.01,5,,300<br />
2011-11-6,42,32,21,30,25,18,100,79,42,29.99,29.94,29.91,15,11,1,8,3,,0.00,2,,116<br />
2011-11-7,42,38,33,32,28,25,87,73,53,30.17,30.04,29.98,15,11,8,21,7,23,0.00,4,,320<br />
2011-11-8,39,31,23,27,24,19,100,75,49,30.47,30.31,30.18,15,12,10,17,9,,0.00,1,,309<br />
2011-11-9,39,30,21,27,21,18,93,78,45,30.58,30.50,30.47,15,10,7,8,2,,0.00,0,,135<br />
2011-11-10,44,32,21,39,22,18,100,75,39,30.50,30.36,30.20,15,11,10,8,1,,0.00,0,,160<br />
2011-11-11,50,36,23,28,21,16,80,60,29,30.19,30.02,29.81,15,12,10,12,2,,0.00,3,,133<br />
2011-11-12,48,42,35,39,31,21,93,66,37,29.86,29.80,29.72,15,12,10,23,7,32,0.01,7,Rain,146<br />
2011-11-13,50,42,33,39,34,28,93,81,54,29.92,29.85,29.80,15,11,10,14,3,17,0.05,4,Rain,141<br />
2011-11-14,53,40,28,32,28,21,100,71,28,29.93,29.89,29.83,15,12,10,14,4,,0.00,1,,66<br />
2011-11-15,48,39,30,30,27,25,87,69,40,30.18,30.03,29.91,15,11,10,14,4,,0.00,4,,283<br />
2011-11-16,44,34,23,28,23,12,100,79,27,30.34,30.25,30.18,15,11,10,8,2,,0.00,1,,123<br />
2011-11-17,55,40,24,30,23,16,80,59,29,30.24,30.05,29.79,15,12,10,12,3,,0.00,4,,79<br />
2011-11-18,55,44,33,34,28,23,100,57,33,30.51,29.70,29.46,15,10,2,23,7,30,0.03,7,,354<br />
2011-11-19,37,34,30,34,29,27,100,83,65,29.90,29.82,29.67,15,11,2,14,6,,0.08,6,,284<br />
2011-11-20,39,36,32,36,32,28,100,88,81,30.00,29.94,29.89,15,10,4,6,1,,0.00,6,,139<br />
2011-11-21,44,38,32,39,36,30,100,93,76,30.23,30.08,29.98,15,9,1,7,2,,0.08,4,Fog-Rain,121<br />
2011-11-22,51,40,28,37,31,27,100,89,44,30.34,30.27,30.23,15,8,1,7,2,,0.00,1,,125<br />
2011-11-23,57,44,30,34,29,27,93,63,33,30.25,30.12,29.99,15,11,10,22,6,24,0.00,2,,152<br />
2011-11-24,55,44,33,30,29,27,81,55,33,29.99,29.96,29.92,15,12,10,20,12,26,0.00,2,,134<br />
2011-11-25,50,39,28,32,28,16,100,71,40,30.39,30.08,29.99,15,12,10,28,4,39,0.00,3,,117<br />
2011-11-26,37,29,21,27,18,12,86,64,36,30.70,30.65,30.56,15,13,10,8,3,,0.00,0,,173<br />
2011-11-27,42,30,19,27,20,16,93,74,39,30.64,30.54,30.39,15,12,10,7,2,,0.00,0,,121<br />
2011-11-28,42,32,23,32,26,21,100,86,61,30.40,30.38,30.33,15,12,9,6,1,,0.00,2,,159<br />
2011-11-29,44,34,24,30,26,19,100,85,49,30.44,30.34,30.17,15,10,7,6,1,,0.00,1,,81<br />
2011-11-30,46,36,26,32,27,25,100,78,46,30.16,30.01,29.92,15,11,10,25,6,31,0.00,2,,332<br />
2011-12-1,44,38,32,30,22,16,87,57,34,30.20,30.08,30.00,15,12,10,20,11,29,0.00,2,,344<br />
2011-12-2,35,27,19,25,19,12,93,68,48,30.16,30.03,29.87,15,11,10,17,8,22,0.00,3,,338<br />
2011-12-3,35,30,24,28,22,16,100,76,48,30.21,30.06,29.94,15,11,5,17,9,20,0.00,4,,322<br />
2011-12-4,30,27,24,25,19,14,93,76,59,31.02,30.19,30.08,15,10,1,10,3,,0.00,6,Snow,323<br />
2011-12-5,26,20,15,21,12,7,93,67,47,30.41,30.30,30.19,15,12,10,14,6,,0.00,2,,346<br />
2011-12-6,26,18,10,14,10,3,92,74,37,30.46,30.42,30.39,15,11,10,9,4,,0.00,1,,139<br />
2011-12-7,30,22,15,21,13,9,93,76,47,30.45,30.36,30.22,15,12,10,9,3,,0.00,0,,148<br />
2011-12-8,33,25,17,21,18,14,100,85,52,30.33,30.27,30.20,15,10,4,5,1,,0.00,1,,129<br />
2011-12-9,35,26,17,25,19,14,100,86,56,30.41,30.36,30.32,10,9,6,5,1,,0.00,0,,140<br />
2011-12-10,35,25,15,21,17,10,100,84,56,30.41,30.29,30.11,15,9,5,6,1,,0.00,0,,159<br />
2011-12-11,41,28,15,25,20,14,100,82,49,30.10,29.98,29.87,15,8,3,9,1,,0.00,1,,52<br />
2011-12-12,41,31,21,27,21,14,86,71,45,29.92,29.88,29.87,15,11,7,8,4,,0.00,2,,310<br />
2011-12-13,39,34,28,34,28,25,100,87,70,30.00,29.93,29.83,10,5,1,12,4,,0.00,4,Snow,317<br />
2011-12-14,35,29,23,28,27,21,100,89,70,30.24,30.12,30.00,8,4,2,12,5,,0.00,4,Snow,307<br />
2011-12-15,30,24,17,25,21,16,100,91,75,30.36,30.24,30.20,15,5,0,12,3,17,0.00,2,,332<br />
2011-12-16,28,24,19,25,22,18,100,89,74,30.54,30.46,30.36,7,4,2,6,2,,0.00,5,,129<br />
2011-12-17,30,22,15,23,18,12,100,91,69,30.55,30.46,30.32,10,4,2,6,1,,0.00,0,,105<br />
2011-12-18,24,20,17,25,21,18,100,97,86,30.32,30.19,30.07,3,1,0,5,1,,0.00,7,Fog,102<br />
2011-12-19,28,26,24,25,22,19,100,88,74,30.23,30.14,30.09,8,4,2,9,2,,0.00,6,Snow,348<br />
2011-12-20,30,27,24,25,22,19,93,81,69,30.23,30.16,30.08,10,8,6,7,2,,0.00,8,,127<br />
2011-12-21,33,27,21,25,21,12,100,84,47,30.15,30.08,30.01,15,8,4,12,2,18,0.00,5,,267<br />
2011-12-22,33,27,21,25,18,12,93,74,48,30.49,30.28,30.15,15,12,9,18,9,28,0.00,2,,312<br />
2011-12-23,28,20,12,19,12,7,93,79,59,30.61,30.55,30.49,15,11,10,7,2,,0.00,0,,152<br />
2011-12-24,42,26,10,18,12,7,100,80,34,30.69,30.62,30.60,15,11,10,7,2,,0.00,0,,139<br />
2011-12-25,33,24,14,19,15,10,100,84,47,30.61,30.49,30.30,15,11,9,9,1,,0.00,0,,118<br />
2011-12-26,33,22,12,21,16,9,100,86,56,30.35,30.31,30.27,15,11,7,6,2,,0.00,1,,55<br />
2011-12-27,37,26,15,21,18,12,100,87,48,30.37,30.30,30.26,15,11,9,7,1,,0.00,1,,296<br />
2011-12-28,37,27,17,30,21,12,100,80,52,30.39,30.31,30.21,15,11,6,5,1,,0.00,4,,144<br />
2011-12-29,48,39,30,32,28,25,81,71,46,30.21,30.14,30.11,15,11,10,7,2,,0.00,6,Rain,343<br />
2011-12-30,51,40,28,34,29,25,100,72,46,30.13,29.99,29.79,15,12,10,30,4,34,0.00,4,,221<br />
2011-12-31,41,31,21,27,15,9,80,52,30,30.51,30.30,29.92,15,12,4,31,18,51,0.00,2,,323<br />
